 Incident particle is a Muon with M = 105.65839 MeV
 Index = 0: Air
      Absorber with <Z/A> = 0.49918
 Density effect computed following Fano (1963)
 Models for Radloss: brems =  KKP, pair =  KKP, photonuc = DRSS

 *** Table generated with PUMAS v1.10 ***

      T         p     Ionization  brems     pair     photonuc  Radloss    dE/dx   CSDA Range  delta   beta
    [MeV]    [MeV/c]  -----------------------[MeV cm^2/g]------------------------  [g/cm^2]
  1.000E+00 1.457E+01 4.436E+01 0.000E+00 0.000E+00 0.000E+00 0.000E+00 4.436E+01 1.127E-02  0.0000 0.13661
  1.200E+00 1.597E+01 3.830E+01 0.000E+00 0.000E+00 0.000E+00 0.000E+00 3.830E+01 1.614E-02  0.0000 0.14944
  1.400E+00 1.726E+01 3.381E+01 0.000E+00 0.000E+00 0.000E+00 0.000E+00 3.381E+01 2.171E-02  0.0000 0.16119
  1.700E+00 1.903E+01 2.889E+01 0.000E+00 0.000E+00 0.000E+00 0.000E+00 2.889E+01 3.133E-02  0.0000 0.17725
  2.000E+00 2.066E+01 2.532E+01 0.000E+00 0.000E+00 0.000E+00 0.000E+00 2.532E+01 4.245E-02  0.0000 0.19186
  2.500E+00 2.312E+01 2.112E+01 0.000E+00 0.000E+00 0.000E+00 0.000E+00 2.112E+01 6.416E-02  0.0000 0.21376
  3.000E+00 2.536E+01 1.822E+01 0.000E+00 0.000E+00 0.000E+00 0.000E+00 1.822E+01 8.972E-02  0.0000 0.23336
  3.500E+00 2.742E+01 1.608E+01 0.000E+00 0.000E+00 0.000E+00 0.000E+00 1.608E+01 1.190E-01  0.0000 0.25120
  4.000E+00 2.935E+01 1.444E+01 0.000E+00 0.000E+00 0.000E+00 0.000E+00 1.444E+01 1.518E-01  0.0000 0.26763
  4.500E+00 3.116E+01 1.314E+01 0.000E+00 0.000E+00 0.000E+00 0.000E+00 1.314E+01 1.882E-01  0.0000 0.28290
  5.000E+00 3.289E+01 1.208E+01 0.000E+00 0.000E+00 0.000E+00 0.000E+00 1.208E+01 2.279E-01  0.0000 0.29720
  5.500E+00 3.453E+01 1.119E+01 0.000E+00 0.000E+00 0.000E+00 0.000E+00 1.119E+01 2.709E-01  0.0000 0.31066
  6.000E+00 3.611E+01 1.045E+01 0.000E+00 0.000E+00 0.000E+00 0.000E+00 1.045E+01 3.172E-01  0.0000 0.32339
  7.000E+00 3.909E+01 9.258E+00 0.000E+00 0.000E+00 0.000E+00 0.000E+00 9.258E+00 4.191E-01  0.0000 0.34700
  8.000E+00 4.189E+01 8.346E+00 0.000E+00 0.000E+00 0.000E+00 0.000E+00 8.346E+00 5.330E-01  0.0000 0.36854
  9.000E+00 4.453E+01 7.624E+00 0.000E+00 0.000E+00 0.000E+00 0.000E+00 7.624E+00 6.585E-01  0.0000 0.38836
  1.000E+01 4.704E+01 7.039E+00 0.000E+00 0.000E+00 0.000E+00 0.000E+00 7.039E+00 7.951E-01  0.0000 0.40675
  1.200E+01 5.177E+01 6.145E+00 0.000E+00 0.000E+00 0.000E+00 0.000E+00 6.145E+00 1.100E+00  0.0000 0.43998
  1.400E+01 5.616E+01 5.494E+00 0.000E+00 0.000E+00 0.000E+00 0.000E+00 5.494E+00 1.445E+00  0.0000 0.46937
  1.700E+01 6.230E+01 4.793E+00 0.000E+00 0.000E+00 0.000E+00 0.000E+00 4.793E+00 2.031E+00  0.0000 0.50792
  2.000E+01 6.802E+01 4.294E+00 0.000E+00 0.000E+00 0.000E+00 0.000E+00 4.294E+00 2.693E+00  0.0000 0.54129
  2.500E+01 7.686E+01 3.720E+00 0.000E+00 0.000E+00 0.000E+00 0.000E+00 3.720E+00 3.947E+00  0.0000 0.58827
  3.000E+01 8.509E+01 3.333E+00 0.000E+00 0.000E+00 0.000E+00 0.000E+00 3.333E+00 5.369E+00  0.0000 0.62720
  3.500E+01 9.285E+01 3.056E+00 0.000E+00 0.000E+00 0.000E+00 0.000E+00 3.056E+00 6.938E+00  0.0000 0.66011
  4.000E+01 1.003E+02 2.847E+00 0.000E+00 0.000E+00 0.000E+00 0.000E+00 2.847E+00 8.634E+00  0.0000 0.68834
  4.500E+01 1.074E+02 2.686E+00 0.000E+00 0.000E+00 0.000E+00 0.000E+00 2.686E+00 1.044E+01  0.0000 0.71286
  5.000E+01 1.143E+02 2.558E+00 0.000E+00 0.000E+00 0.000E+00 0.000E+00 2.558E+00 1.235E+01  0.0000 0.73434
  5.500E+01 1.210E+02 2.454E+00 0.000E+00 0.000E+00 0.000E+00 0.000E+00 2.454E+00 1.435E+01  0.0000 0.75332
  6.000E+01 1.276E+02 2.368E+00 0.000E+00 0.000E+00 0.000E+00 0.000E+00 2.368E+00 1.642E+01  0.0000 0.77019
  7.000E+01 1.403E+02 2.236E+00 0.000E+00 0.000E+00 0.000E+00 0.000E+00 2.236E+00 2.077E+01  0.0000 0.79887
  8.000E+01 1.527E+02 2.140E+00 0.000E+00 0.000E+00 0.000E+00 0.000E+00 2.140E+00 2.534E+01  0.0000 0.82227
  9.000E+01 1.647E+02 2.068E+00 0.000E+00 0.000E+00 0.000E+00 0.000E+00 2.068E+00 3.010E+01  0.0000 0.84166
  1.000E+02 1.764E+02 2.013E+00 0.000E+00 0.000E+00 0.000E+00 0.000E+00 2.013E+00 3.500E+01  0.0000 0.85794
  1.200E+02 1.994E+02 1.937E+00 0.000E+00 0.000E+00 0.000E+00 0.000E+00 1.937E+00 4.513E+01  0.0000 0.88361
  1.400E+02 2.218E+02 1.889E+00 6.123E-10 0.000E+00 0.000E+00 6.123E-10 1.889E+00 5.558E+01  0.0000 0.90278
  1.700E+02 2.546E+02 1.848E+00 1.260E-05 4.559E-14 0.000E+00 1.260E-05 1.848E+00 7.164E+01  0.0000 0.92363
  2.000E+02 2.868E+02 1.827E+00 2.309E-05 1.019E-11 0.000E+00 2.309E-05 1.827E+00 8.797E+01  0.0000 0.93835
  2.500E+02 3.396E+02 1.816E+00 3.752E-05 8.496E-08 0.000E+00 3.761E-05 1.816E+00 1.154E+02  0.0000 0.95485
  3.000E+02 3.917E+02 1.819E+00 5.133E-05 7.654E-07 0.000E+00 5.209E-05 1.819E+00 1.429E+02  0.0000 0.96548
  3.500E+02 4.432E+02 1.830E+00 6.446E-05 2.108E-06 0.000E+00 6.656E-05 1.830E+00 1.703E+02  0.0000 0.97274
  4.000E+02 4.945E+02 1.844E+00 7.810E-05 4.083E-06 0.000E+00 8.219E-05 1.844E+00 1.976E+02  0.0000 0.97793
  4.500E+02 5.455E+02 1.859E+00 9.202E-05 6.667E-06 0.000E+00 9.869E-05 1.859E+00 2.246E+02  0.0000 0.98176
  5.000E+02 5.964E+02 1.875E+00 1.057E-04 9.839E-06 0.000E+00 1.156E-04 1.876E+00 2.513E+02  0.0000 0.98467
  5.500E+02 6.471E+02 1.892E+00 1.199E-04 1.358E-05 0.000E+00 1.335E-04 1.892E+00 2.779E+02  0.0000 0.98693
  6.000E+02 6.977E+02 1.908E+00 1.348E-04 1.787E-05 0.000E+00 1.527E-04 1.908E+00 3.042E+02  0.0000 0.98873
  7.000E+02 7.987E+02 1.939E+00 1.650E-04 2.801E-05 0.000E+00 1.930E-04 1.939E+00 3.562E+02  0.0000 0.99136
  8.000E+02 8.995E+02 1.968E+00 1.969E-04 4.014E-05 0.000E+00 2.371E-04 1.968E+00 4.074E+02  0.0000 0.99317
  9.000E+02 1.000E+03 1.995E+00 2.297E-04 5.411E-05 0.000E+00 2.838E-04 1.995E+00 4.579E+02  0.0000 0.99447
  1.000E+03 1.101E+03 2.020E+00 2.640E-04 6.983E-05 0.000E+00 3.339E-04 2.020E+00 5.077E+02  0.0000 0.99542
  1.200E+03 1.301E+03 2.065E+00 3.348E-04 1.061E-04 0.000E+00 4.409E-04 2.066E+00 6.056E+02  0.0000 0.99672
  1.400E+03 1.502E+03 2.105E+00 4.093E-04 1.483E-04 9.179E-06 5.667E-04 2.106E+00 7.015E+02  0.0000 0.99753
  1.700E+03 1.803E+03 2.157E+00 5.251E-04 2.213E-04 1.024E-04 8.488E-04 2.158E+00 8.422E+02  0.0000 0.99829
  2.000E+03 2.103E+03 2.201E+00 6.504E-04 3.047E-04 1.961E-04 1.151E-03 2.202E+00 9.799E+02  0.0000 0.99874
  2.500E+03 2.604E+03 2.263E+00 8.650E-04 4.639E-04 3.766E-04 1.706E-03 2.265E+00 1.204E+03  0.0000 0.99918
  3.000E+03 3.104E+03 2.314E+00 1.096E-03 6.447E-04 5.542E-04 2.295E-03 2.317E+00 1.422E+03  0.0000 0.99942
  3.500E+03 3.604E+03 2.358E+00 1.335E-03 8.440E-04 7.434E-04 2.923E-03 2.361E+00 1.636E+03  0.0000 0.99957
  4.000E+03 4.104E+03 2.396E+00 1.582E-03 1.073E-03 9.337E-04 3.589E-03 2.399E+00 1.846E+03  0.0000 0.99967
  4.500E+03 4.604E+03 2.429E+00 1.837E-03 1.324E-03 1.131E-03 4.292E-03 2.434E+00 2.053E+03  0.0000 0.99974
  5.000E+03 5.105E+03 2.459E+00 2.099E-03 1.589E-03 1.339E-03 5.027E-03 2.464E+00 2.257E+03  0.0000 0.99979
  5.500E+03 5.605E+03 2.486E+00 2.367E-03 1.868E-03 1.545E-03 5.779E-03 2.492E+00 2.459E+03  0.0000 0.99982
  6.000E+03 6.105E+03 2.511E+00 2.641E-03 2.159E-03 1.737E-03 6.536E-03 2.517E+00 2.658E+03  0.0022 0.99985
  7.000E+03 7.105E+03 2.552E+00 3.215E-03 2.775E-03 2.144E-03 8.133E-03 2.560E+00 3.052E+03  0.0350 0.99989
  8.000E+03 8.105E+03 2.585E+00 3.800E-03 3.430E-03 2.570E-03 9.800E-03 2.595E+00 3.440E+03  0.0920 0.99992
  9.000E+03 9.105E+03 2.613E+00 4.401E-03 4.121E-03 2.954E-03 1.148E-02 2.625E+00 3.823E+03  0.1613 0.99993
  1.000E+04 1.011E+04 2.637E+00 5.017E-03 4.844E-03 3.350E-03 1.321E-02 2.650E+00 4.203E+03  0.2369 0.99995
  1.200E+04 1.211E+04 2.676E+00 6.288E-03 6.371E-03 4.152E-03 1.681E-02 2.693E+00 4.951E+03  0.3937 0.99996
  1.400E+04 1.411E+04 2.707E+00 7.604E-03 7.992E-03 4.957E-03 2.055E-02 2.728E+00 5.689E+03  0.5480 0.99997
  1.700E+04 1.711E+04 2.744E+00 9.648E-03 1.057E-02 6.173E-03 2.639E-02 2.770E+00 6.781E+03  0.7648 0.99998
  2.000E+04 2.011E+04 2.773E+00 1.176E-02 1.330E-02 7.351E-03 3.241E-02 2.806E+00 7.857E+03  0.9615 0.99999
  2.500E+04 2.511E+04 2.812E+00 1.542E-02 1.811E-02 9.291E-03 4.282E-02 2.855E+00 9.624E+03  1.2490 0.99999
  3.000E+04 3.011E+04 2.842E+00 1.921E-02 2.320E-02 1.120E-02 5.360E-02 2.896E+00 1.136E+04  1.4955 0.99999
  3.500E+04 3.511E+04 2.867E+00 2.313E-02 2.850E-02 1.313E-02 6.476E-02 2.931E+00 1.308E+04  1.7106 1.00000
  4.000E+04 4.011E+04 2.888E+00 2.713E-02 3.399E-02 1.504E-02 7.616E-02 2.964E+00 1.478E+04  1.9014 1.00000
  4.500E+04 4.511E+04 2.906E+00 3.121E-02 3.963E-02 1.693E-02 8.778E-02 2.993E+00 1.645E+04  2.0729 1.00000
  5.000E+04 5.011E+04 2.921E+00 3.537E-02 4.542E-02 1.882E-02 9.960E-02 3.021E+00 1.812E+04  2.2290 1.00000
  5.500E+04 5.511E+04 2.935E+00 3.958E-02 5.132E-02 2.073E-02 1.116E-01 3.047E+00 1.976E+04  2.3724 1.00000
  6.000E+04 6.011E+04 2.948E+00 4.386E-02 5.733E-02 2.262E-02 1.238E-01 3.072E+00 2.140E+04  2.5053 1.00000
  7.000E+04 7.011E+04 2.970E+00 5.256E-02 6.962E-02 2.637E-02 1.486E-01 3.118E+00 2.463E+04  2.7455 1.00000
  8.000E+04 8.011E+04 2.988E+00 6.143E-02 8.223E-02 3.014E-02 1.738E-01 3.162E+00 2.782E+04  2.9588 1.00000
  9.000E+04 9.011E+04 3.004E+00 7.046E-02 9.511E-02 3.393E-02 1.995E-01 3.203E+00 3.096E+04  3.1515 1.00000
  1.000E+05 1.001E+05 3.017E+00 7.963E-02 1.082E-01 3.764E-02 2.255E-01 3.243E+00 3.406E+04  3.3274 1.00000
  1.200E+05 1.201E+05 3.040E+00 9.829E-02 1.350E-01 4.521E-02 2.785E-01 3.319E+00 4.016E+04  3.6401 1.00000
  1.400E+05 1.401E+05 3.059E+00 1.173E-01 1.624E-01 5.278E-02 3.325E-01 3.391E+00 4.612E+04  3.9124 1.00000
  1.700E+05 1.701E+05 3.082E+00 1.465E-01 2.044E-01 6.417E-02 4.151E-01 3.497E+00 5.483E+04  4.2648 1.00000
  2.000E+05 2.001E+05 3.100E+00 1.762E-01 2.472E-01 7.564E-02 4.991E-01 3.599E+00 6.329E+04  4.5669 1.00000
  2.500E+05 2.501E+05 3.125E+00 2.268E-01 3.201E-01 9.485E-02 6.417E-01 3.766E+00 7.687E+04  4.9899 1.00000
  3.000E+05 3.001E+05 3.144E+00 2.783E-01 3.944E-01 1.142E-01 7.869E-01 3.931E+00 8.987E+04  5.3412 1.00000
  3.500E+05 3.501E+05 3.161E+00 3.306E-01 4.696E-01 1.339E-01 9.341E-01 4.095E+00 1.023E+05  5.6410 1.00000
  4.000E+05 4.001E+05 3.175E+00 3.836E-01 5.457E-01 1.536E-01 1.083E+00 4.258E+00 1.143E+05  5.9024 1.00000
  4.500E+05 4.501E+05 3.187E+00 4.371E-01 6.224E-01 1.735E-01 1.233E+00 4.420E+00 1.258E+05  6.1340 1.00000
  5.000E+05 5.001E+05 3.198E+00 4.911E-01 6.997E-01 1.936E-01 1.384E+00 4.582E+00 1.370E+05  6.3419 1.00000
  5.500E+05 5.501E+05 3.208E+00 5.455E-01 7.774E-01 2.135E-01 1.536E+00 4.744E+00 1.477E+05  6.5303 1.00000
  6.000E+05 6.001E+05 3.217E+00 6.002E-01 8.556E-01 2.336E-01 1.689E+00 4.907E+00 1.580E+05  6.7027 1.00000
  7.000E+05 7.001E+05 3.233E+00 7.106E-01 1.013E+00 2.741E-01 1.998E+00 5.231E+00 1.778E+05  7.0086 1.00000
  8.000E+05 8.001E+05 3.247E+00 8.221E-01 1.171E+00 3.151E-01 2.308E+00 5.556E+00 1.964E+05  7.2740 1.00000
  9.000E+05 9.001E+05 3.260E+00 9.344E-01 1.330E+00 3.565E-01 2.621E+00 5.881E+00 2.139E+05  7.5085 1.00000
  1.000E+06 1.000E+06 3.271E+00 1.047E+00 1.490E+00 3.983E-01 2.936E+00 6.207E+00 2.304E+05  7.7184 1.00000
  1.200E+06 1.200E+06 3.290E+00 1.275E+00 1.812E+00 4.831E-01 3.571E+00 6.860E+00 2.611E+05  8.0820 1.00000
  1.400E+06 1.400E+06 3.306E+00 1.505E+00 2.136E+00 5.691E-01 4.210E+00 7.516E+00 2.890E+05  8.3896 1.00000
  1.700E+06 1.700E+06 3.327E+00 1.853E+00 2.623E+00 7.002E-01 5.176E+00 8.503E+00 3.266E+05  8.7773 1.00000
  2.000E+06 2.000E+06 3.344E+00 2.203E+00 3.113E+00 8.335E-01 6.150E+00 9.494E+00 3.600E+05  9.1020 1.00000
  2.500E+06 2.500E+06 3.368E+00 2.791E+00 3.933E+00 1.060E+00 7.785E+00 1.115E+01 4.088E+05  9.5479 1.00000
  3.000E+06 3.000E+06 3.388E+00 3.384E+00 4.756E+00 1.291E+00 9.431E+00 1.282E+01 4.507E+05  9.9124 1.00000
  3.500E+06 3.500E+06 3.405E+00 3.979E+00 5.582E+00 1.526E+00 1.109E+01 1.449E+01 4.874E+05 10.2206 1.00000
  4.000E+06 4.000E+06 3.419E+00 4.578E+00 6.409E+00 1.765E+00 1.275E+01 1.617E+01 5.201E+05 10.4876 1.00000
  4.500E+06 4.500E+06 3.432E+00 5.178E+00 7.238E+00 2.007E+00 1.442E+01 1.785E+01 5.496E+05 10.7231 1.00000
  5.000E+06 5.000E+06 3.444E+00 5.779E+00 8.067E+00 2.251E+00 1.610E+01 1.954E+01 5.764E+05 10.9337 1.00000
  5.500E+06 5.500E+06 3.455E+00 6.383E+00 8.898E+00 2.498E+00 1.778E+01 2.123E+01 6.010E+05 11.1243 1.00000
  6.000E+06 6.000E+06 3.464E+00 6.987E+00 9.729E+00 2.748E+00 1.946E+01 2.293E+01 6.236E+05 11.2983 1.00000
  7.000E+06 7.000E+06 3.482E+00 8.199E+00 1.139E+01 3.254E+00 2.285E+01 2.633E+01 6.644E+05 11.6066 1.00000
  8.000E+06 8.000E+06 3.497E+00 9.413E+00 1.306E+01 3.767E+00 2.624E+01 2.974E+01 7.003E+05 11.8737 1.00000
  9.000E+06 9.000E+06 3.510E+00 1.063E+01 1.473E+01 4.288E+00 2.965E+01 3.316E+01 7.321E+05 12.1092 1.00000
  1.000E+07 1.000E+07 3.522E+00 1.185E+01 1.640E+01 4.815E+00 3.306E+01 3.659E+01 7.609E+05 12.3199 1.00000
  1.200E+07 1.200E+07 3.543E+00 1.429E+01 1.974E+01 5.886E+00 3.992E+01 4.346E+01 8.112E+05 12.6845 1.00000
  1.400E+07 1.400E+07 3.561E+00 1.674E+01 2.308E+01 6.977E+00 4.680E+01 5.036E+01 8.541E+05 12.9928 1.00000
  1.700E+07 1.700E+07 3.584E+00 2.043E+01 2.810E+01 8.646E+00 5.717E+01 6.076E+01 9.086E+05 13.3811 1.00000
  2.000E+07 2.000E+07 3.603E+00 2.411E+01 3.312E+01 1.035E+01 6.759E+01 7.119E+01 9.543E+05 13.7062 1.00000
  2.500E+07 2.500E+07 3.630E+00 3.027E+01 4.150E+01 1.325E+01 8.502E+01 8.865E+01 1.018E+06 14.1524 1.00000
  3.000E+07 3.000E+07 3.651E+00 3.644E+01 4.988E+01 1.622E+01 1.025E+02 1.062E+02 1.069E+06 14.5171 1.00000
  3.500E+07 3.500E+07 3.670E+00 4.261E+01 5.827E+01 1.924E+01 1.201E+02 1.238E+02 1.113E+06 14.8254 1.00000
  4.000E+07 4.000E+07 3.686E+00 4.879E+01 6.665E+01 2.232E+01 1.378E+02 1.414E+02 1.151E+06 15.0925 1.00000
  4.500E+07 4.500E+07 3.701E+00 5.497E+01 7.504E+01 2.544E+01 1.554E+02 1.591E+02 1.184E+06 15.3280 1.00000
  5.000E+07 5.000E+07 3.714E+00 6.115E+01 8.343E+01 2.860E+01 1.732E+02 1.769E+02 1.214E+06 15.5387 1.00000
  5.500E+07 5.500E+07 3.726E+00 6.734E+01 9.182E+01 3.179E+01 1.910E+02 1.947E+02 1.241E+06 15.7294 1.00000
  6.000E+07 6.000E+07 3.736E+00 7.353E+01 1.002E+02 3.502E+01 2.088E+02 2.125E+02 1.266E+06 15.9034 1.00000
  7.000E+07 7.000E+07 3.756E+00 8.591E+01 1.170E+02 4.158E+01 2.445E+02 2.482E+02 1.309E+06 16.2117 1.00000
  8.000E+07 8.000E+07 3.772E+00 9.830E+01 1.338E+02 4.824E+01 2.803E+02 2.841E+02 1.347E+06 16.4787 1.00000
  9.000E+07 9.000E+07 3.787E+00 1.107E+02 1.506E+02 5.501E+01 3.163E+02 3.201E+02 1.380E+06 16.7143 1.00000
  1.000E+08 1.000E+08 3.801E+00 1.231E+02 1.674E+02 6.186E+01 3.523E+02 3.561E+02 1.410E+06 16.9250 1.00000
  1.200E+08 1.200E+08 3.824E+00 1.479E+02 2.009E+02 7.580E+01 4.246E+02 4.285E+02 1.462E+06 17.2897 1.00000
  1.400E+08 1.400E+08 3.844E+00 1.727E+02 2.345E+02 9.002E+01 4.972E+02 5.011E+02 1.505E+06 17.5980 1.00000
  1.700E+08 1.700E+08 3.869E+00 2.099E+02 2.849E+02 1.118E+02 6.066E+02 6.105E+02 1.559E+06 17.9863 1.00000
  2.000E+08 2.000E+08 3.891E+00 2.471E+02 3.353E+02 1.341E+02 7.165E+02 7.204E+02 1.605E+06 18.3113 1.00000
  2.500E+08 2.500E+08 3.920E+00 3.092E+02 4.193E+02 1.720E+02 9.005E+02 9.044E+02 1.667E+06 18.7576 1.00000
  3.000E+08 3.000E+08 3.945E+00 3.713E+02 5.033E+02 2.109E+02 1.085E+03 1.089E+03 1.718E+06 19.1222 1.00000
  3.500E+08 3.500E+08 3.965E+00 4.334E+02 5.872E+02 2.506E+02 1.271E+03 1.275E+03 1.760E+06 19.4305 1.00000
  4.000E+08 4.000E+08 3.984E+00 4.955E+02 6.712E+02 2.909E+02 1.458E+03 1.462E+03 1.797E+06 19.6976 1.00000
  4.500E+08 4.500E+08 4.000E+00 5.576E+02 7.552E+02 3.319E+02 1.645E+03 1.649E+03 1.829E+06 19.9332 1.00000
  5.000E+08 5.000E+08 4.014E+00 6.197E+02 8.392E+02 3.735E+02 1.832E+03 1.836E+03 1.858E+06 20.1439 1.00000
  5.500E+08 5.500E+08 4.027E+00 6.818E+02 9.232E+02 4.156E+02 2.020E+03 2.025E+03 1.884E+06 20.3345 1.00000
  6.000E+08 6.000E+08 4.039E+00 7.439E+02 1.007E+03 4.581E+02 2.209E+03 2.213E+03 1.908E+06 20.5085 1.00000
  7.000E+08 7.000E+08 4.061E+00 8.681E+02 1.175E+03 5.445E+02 2.588E+03 2.592E+03 1.949E+06 20.8168 1.00000
  8.000E+08 8.000E+08 4.080E+00 9.923E+02 1.343E+03 6.323E+02 2.968E+03 2.972E+03 1.986E+06 21.0839 1.00000
  9.000E+08 9.000E+08 4.096E+00 1.117E+03 1.511E+03 7.216E+02 3.349E+03 3.353E+03 2.017E+06 21.3193 1.00000
  1.000E+09 1.000E+09 4.111E+00 1.241E+03 1.679E+03 8.121E+02 3.732E+03 3.736E+03 2.046E+06 21.5301 1.00000
  1.200E+09 1.200E+09 4.137E+00 1.489E+03 2.015E+03 9.965E+02 4.501E+03 4.505E+03 2.095E+06 21.8947 1.00000
  1.400E+09 1.400E+09 4.160E+00 1.738E+03 2.351E+03 1.185E+03 5.273E+03 5.277E+03 2.136E+06 22.2026 1.00000
  1.700E+09 1.700E+09 4.188E+00 2.110E+03 2.855E+03 1.473E+03 6.438E+03 6.442E+03 2.187E+06 22.5910 1.00000
  2.000E+09 2.000E+09 4.212E+00 2.483E+03 3.358E+03 1.768E+03 7.610E+03 7.614E+03 2.230E+06 22.9145 1.00000
  2.500E+09 2.500E+09 4.245E+00 3.104E+03 4.198E+03 2.272E+03 9.575E+03 9.579E+03 2.289E+06 23.3607 1.00000
  3.000E+09 3.000E+09 4.273E+00 3.725E+03 5.038E+03 2.790E+03 1.155E+04 1.156E+04 2.337E+06 23.7189 1.00000
  3.500E+09 3.500E+09 4.296E+00 4.347E+03 5.877E+03 3.318E+03 1.354E+04 1.355E+04 2.377E+06 24.0272 1.00000
  4.000E+09 4.000E+09 4.316E+00 4.968E+03 6.717E+03 3.856E+03 1.554E+04 1.554E+04 2.412E+06 24.2943 1.00000
  4.500E+09 4.500E+09 4.337E+00 5.589E+03 7.556E+03 4.403E+03 1.755E+04 1.755E+04 2.442E+06 24.5007 1.00000
  5.000E+09 5.000E+09 4.353E+00 6.210E+03 8.396E+03 4.957E+03 1.956E+04 1.957E+04 2.469E+06 24.7114 1.00000
  5.500E+09 5.500E+09 4.368E+00 6.831E+03 9.235E+03 5.519E+03 2.159E+04 2.159E+04 2.493E+06 24.9020 1.00000
  6.000E+09 6.000E+09 4.381E+00 7.453E+03 1.007E+04 6.087E+03 2.361E+04 2.362E+04 2.516E+06 25.0760 1.00000
  7.000E+09 7.000E+09 4.405E+00 8.695E+03 1.175E+04 7.243E+03 2.769E+04 2.770E+04 2.555E+06 25.3843 1.00000
  8.000E+09 8.000E+09 4.438E+00 9.937E+03 1.343E+04 8.419E+03 3.179E+04 3.179E+04 2.589E+06 25.4959 1.00000
  9.000E+09 9.000E+09 4.457E+00 1.118E+04 1.511E+04 9.616E+03 3.591E+04 3.591E+04 2.618E+06 25.7315 1.00000
  1.000E+10 1.000E+10 4.473E+00 1.242E+04 1.679E+04 1.083E+04 4.004E+04 4.005E+04 2.645E+06 25.9422 1.00000
  1.200E+10 1.200E+10 4.503E+00 1.491E+04 2.015E+04 1.330E+04 4.836E+04 4.836E+04 2.690E+06 26.3069 1.00000
  1.400E+10 1.400E+10 4.527E+00 1.739E+04 2.350E+04 1.583E+04 5.673E+04 5.673E+04 2.729E+06 26.6152 1.00000
  1.700E+10 1.700E+10 4.559E+00 2.112E+04 2.854E+04 1.972E+04 6.937E+04 6.938E+04 2.777E+06 27.0035 1.00000
  2.000E+10 2.000E+10 4.586E+00 2.485E+04 3.357E+04 2.369E+04 8.211E+04 8.212E+04 2.817E+06 27.3285 1.00000
  2.500E+10 2.500E+10 4.623E+00 3.106E+04 4.197E+04 3.049E+04 1.035E+05 1.035E+05 2.871E+06 27.7748 1.00000
  3.000E+10 3.000E+10 4.653E+00 3.727E+04 5.036E+04 3.748E+04 1.251E+05 1.251E+05 2.915E+06 28.1394 1.00000
  3.500E+10 3.500E+10 4.679E+00 4.348E+04 5.875E+04 4.463E+04 1.469E+05 1.469E+05 2.952E+06 28.4477 1.00000
  4.000E+10 4.000E+10 4.702E+00 4.969E+04 6.714E+04 5.191E+04 1.687E+05 1.687E+05 2.984E+06 28.7148 1.00000
  4.500E+10 4.500E+10 4.722E+00 5.591E+04 7.552E+04 5.933E+04 1.908E+05 1.908E+05 3.012E+06 28.9504 1.00000
  5.000E+10 5.000E+10 4.740E+00 6.212E+04 8.391E+04 6.685E+04 2.129E+05 2.129E+05 3.037E+06 29.1611 1.00000
  5.500E+10 5.500E+10 4.757E+00 6.833E+04 9.230E+04 7.448E+04 2.351E+05 2.351E+05 3.059E+06 29.3517 1.00000
  6.000E+10 6.000E+10 4.772E+00 7.454E+04 1.007E+05 8.220E+04 2.574E+05 2.574E+05 3.080E+06 29.5257 1.00000
  7.000E+10 7.000E+10 4.799E+00 8.697E+04 1.175E+05 9.791E+04 3.023E+05 3.023E+05 3.116E+06 29.8340 1.00000
  8.000E+10 8.000E+10 4.822E+00 9.939E+04 1.342E+05 1.139E+05 3.476E+05 3.476E+05 3.146E+06 30.1011 1.00000
  9.000E+10 9.000E+10 4.843E+00 1.118E+05 1.510E+05 1.302E+05 3.931E+05 3.931E+05 3.174E+06 30.3367 1.00000
  1.000E+11 1.000E+11 4.862E+00 1.242E+05 1.678E+05 1.468E+05 4.388E+05 4.388E+05 3.198E+06 30.5474 1.00000
  1.200E+11 1.200E+11 4.894E+00 1.491E+05 2.013E+05 1.806E+05 5.310E+05 5.310E+05 3.239E+06 30.9120 1.00000
  1.400E+11 1.400E+11 4.922E+00 1.739E+05 2.349E+05 2.152E+05 6.240E+05 6.240E+05 3.274E+06 31.2203 1.00000
  1.700E+11 1.700E+11 4.957E+00 2.112E+05 2.852E+05 2.683E+05 7.647E+05 7.647E+05 3.318E+06 31.6086 1.00000
  2.000E+11 2.000E+11 4.987E+00 2.485E+05 3.355E+05 3.229E+05 9.068E+05 9.068E+05 3.354E+06 31.9337 1.00000
  2.500E+11 2.500E+11 5.028E+00 3.106E+05 4.193E+05 4.163E+05 1.146E+06 1.146E+06 3.403E+06 32.3800 1.00000
  3.000E+11 3.000E+11 5.063E+00 3.727E+05 5.031E+05 5.124E+05 1.388E+06 1.388E+06 3.443E+06 32.7446 1.00000
  3.500E+11 3.500E+11 5.092E+00 4.348E+05 5.870E+05 6.108E+05 1.633E+06 1.633E+06 3.476E+06 33.0529 1.00000
  4.000E+11 4.000E+11 5.117E+00 4.970E+05 6.708E+05 7.113E+05 1.879E+06 1.879E+06 3.505E+06 33.3200 1.00000
  4.500E+11 4.500E+11 5.139E+00 5.591E+05 7.546E+05 8.137E+05 2.127E+06 2.127E+06 3.530E+06 33.5555 1.00000
  5.000E+11 5.000E+11 5.160E+00 6.212E+05 8.384E+05 9.177E+05 2.377E+06 2.377E+06 3.552E+06 33.7663 1.00000
  5.500E+11 5.500E+11 5.178E+00 6.833E+05 9.222E+05 1.023E+06 2.629E+06 2.629E+06 3.572E+06 33.9569 1.00000
  6.000E+11 6.000E+11 5.195E+00 7.454E+05 1.006E+06 1.130E+06 2.882E+06 2.882E+06 3.591E+06 34.1309 1.00000
  7.000E+11 7.000E+11 5.225E+00 8.697E+05 1.174E+06 1.348E+06 3.391E+06 3.391E+06 3.623E+06 34.4392 1.00000
  8.000E+11 8.000E+11 5.251E+00 9.939E+05 1.341E+06 1.570E+06 3.905E+06 3.905E+06 3.650E+06 34.7063 1.00000
  9.000E+11 9.000E+11 5.274E+00 1.118E+06 1.509E+06 1.797E+06 4.423E+06 4.423E+06 3.674E+06 34.9418 1.00000
  1.000E+12 1.000E+12 5.295E+00 1.242E+06 1.676E+06 2.027E+06 4.945E+06 4.945E+06 3.696E+06 35.1526 1.00000
