 Incident particle is a Muon with M = 105.65839 MeV
 Index = 1: AluminumOxideSapphire
      Absorber with <Z/A> = 0.49038
 Density effect computed following Fano (1963)
 Models for Radloss: brems =  KKP, pair =  KKP, photonuc = DRSS

 *** Table generated with PUMAS v1.10 ***

      T         p     Ionization  brems     pair     photonuc  Radloss    dE/dx   CSDA Range  delta   beta
    [MeV]    [MeV/c]  -----------------------[MeV cm^2/g]------------------------  [g/cm^2]
  1.000E+00 1.457E+01 3.932E+01 0.000E+00 0.000E+00 0.000E+00 0.000E+00 3.932E+01 1.272E-02  0.0000 0.13661
  1.200E+00 1.597E+01 3.407E+01 0.000E+00 0.000E+00 0.000E+00 0.000E+00 3.407E+01 1.819E-02  0.0000 0.14944
  1.400E+00 1.726E+01 3.016E+01 0.000E+00 0.000E+00 0.000E+00 0.000E+00 3.016E+01 2.444E-02  0.0000 0.16119
  1.700E+00 1.903E+01 2.585E+01 0.000E+00 0.000E+00 0.000E+00 0.000E+00 2.585E+01 3.522E-02  0.0000 0.17725
  2.000E+00 2.066E+01 2.272E+01 0.000E+00 0.000E+00 0.000E+00 0.000E+00 2.272E+01 4.762E-02  0.0000 0.19186
  2.500E+00 2.312E+01 1.901E+01 0.000E+00 0.000E+00 0.000E+00 0.000E+00 1.901E+01 7.178E-02  0.0000 0.21376
  3.000E+00 2.536E+01 1.644E+01 0.000E+00 0.000E+00 0.000E+00 0.000E+00 1.644E+01 1.001E-01  0.0000 0.23336
  3.500E+00 2.742E+01 1.454E+01 0.000E+00 0.000E+00 0.000E+00 0.000E+00 1.454E+01 1.325E-01  0.0000 0.25120
  4.000E+00 2.935E+01 1.308E+01 0.000E+00 0.000E+00 0.000E+00 0.000E+00 1.308E+01 1.688E-01  0.0000 0.26763
  4.500E+00 3.116E+01 1.191E+01 0.000E+00 0.000E+00 0.000E+00 0.000E+00 1.191E+01 2.089E-01  0.0000 0.28290
  5.000E+00 3.289E+01 1.096E+01 0.000E+00 0.000E+00 0.000E+00 0.000E+00 1.096E+01 2.527E-01  0.0000 0.29720
  5.500E+00 3.453E+01 1.017E+01 0.000E+00 0.000E+00 0.000E+00 0.000E+00 1.017E+01 3.001E-01  0.0000 0.31066
  6.000E+00 3.611E+01 9.506E+00 0.000E+00 0.000E+00 0.000E+00 0.000E+00 9.506E+00 3.510E-01  0.0001 0.32339
  7.000E+00 3.909E+01 8.435E+00 0.000E+00 0.000E+00 0.000E+00 0.000E+00 8.435E+00 4.628E-01  0.0002 0.34700
  8.000E+00 4.189E+01 7.614E+00 0.000E+00 0.000E+00 0.000E+00 0.000E+00 7.614E+00 5.878E-01  0.0004 0.36854
  9.000E+00 4.453E+01 6.963E+00 0.000E+00 0.000E+00 0.000E+00 0.000E+00 6.963E+00 7.252E-01  0.0006 0.38836
  1.000E+01 4.704E+01 6.435E+00 0.000E+00 0.000E+00 0.000E+00 0.000E+00 6.435E+00 8.748E-01  0.0009 0.40675
  1.200E+01 5.177E+01 5.626E+00 0.000E+00 0.000E+00 0.000E+00 0.000E+00 5.626E+00 1.208E+00  0.0016 0.43998
  1.400E+01 5.616E+01 5.036E+00 0.000E+00 0.000E+00 0.000E+00 0.000E+00 5.036E+00 1.584E+00  0.0025 0.46937
  1.700E+01 6.230E+01 4.399E+00 0.000E+00 0.000E+00 0.000E+00 0.000E+00 4.399E+00 2.223E+00  0.0043 0.50792
  2.000E+01 6.802E+01 3.945E+00 0.000E+00 0.000E+00 0.000E+00 0.000E+00 3.945E+00 2.944E+00  0.0064 0.54129
  2.500E+01 7.686E+01 3.423E+00 0.000E+00 0.000E+00 0.000E+00 0.000E+00 3.423E+00 4.308E+00  0.0108 0.58827
  3.000E+01 8.509E+01 3.069E+00 0.000E+00 0.000E+00 0.000E+00 0.000E+00 3.069E+00 5.853E+00  0.0160 0.62720
  3.500E+01 9.285E+01 2.816E+00 0.000E+00 0.000E+00 0.000E+00 0.000E+00 2.816E+00 7.556E+00  0.0221 0.66011
  4.000E+01 1.003E+02 2.625E+00 0.000E+00 0.000E+00 0.000E+00 0.000E+00 2.625E+00 9.396E+00  0.0289 0.68834
  4.500E+01 1.074E+02 2.477E+00 0.000E+00 0.000E+00 0.000E+00 0.000E+00 2.477E+00 1.136E+01  0.0364 0.71286
  5.000E+01 1.143E+02 2.359E+00 0.000E+00 0.000E+00 0.000E+00 0.000E+00 2.359E+00 1.343E+01  0.0444 0.73434
  5.500E+01 1.210E+02 2.263E+00 0.000E+00 0.000E+00 0.000E+00 0.000E+00 2.263E+00 1.559E+01  0.0529 0.75332
  6.000E+01 1.276E+02 2.184E+00 0.000E+00 0.000E+00 0.000E+00 0.000E+00 2.184E+00 1.784E+01  0.0619 0.77019
  7.000E+01 1.403E+02 2.062E+00 0.000E+00 0.000E+00 0.000E+00 0.000E+00 2.062E+00 2.255E+01  0.0809 0.79887
  8.000E+01 1.527E+02 1.974E+00 0.000E+00 0.000E+00 0.000E+00 0.000E+00 1.974E+00 2.751E+01  0.1011 0.82227
  9.000E+01 1.647E+02 1.907E+00 0.000E+00 0.000E+00 0.000E+00 0.000E+00 1.907E+00 3.267E+01  0.1223 0.84166
  1.000E+02 1.764E+02 1.855E+00 0.000E+00 0.000E+00 0.000E+00 0.000E+00 1.855E+00 3.798E+01  0.1443 0.85794
  1.200E+02 1.994E+02 1.783E+00 0.000E+00 0.000E+00 0.000E+00 0.000E+00 1.783E+00 4.898E+01  0.1897 0.88361
  1.400E+02 2.218E+02 1.737E+00 0.000E+00 0.000E+00 0.000E+00 0.000E+00 1.737E+00 6.035E+01  0.2365 0.90278
  1.700E+02 2.546E+02 1.695E+00 4.798E-06 2.379E-14 0.000E+00 4.798E-06 1.695E+00 7.784E+01  0.3080 0.92363
  2.000E+02 2.868E+02 1.672E+00 1.081E-05 5.321E-12 0.000E+00 1.081E-05 1.672E+00 9.566E+01  0.3798 0.93835
  2.500E+02 3.396E+02 1.655E+00 3.954E-05 1.138E-07 0.000E+00 3.965E-05 1.655E+00 1.257E+02  0.4985 0.95485
  3.000E+02 3.917E+02 1.652E+00 6.059E-05 1.053E-06 0.000E+00 6.164E-05 1.652E+00 1.559E+02  0.6143 0.96548
  3.500E+02 4.432E+02 1.656E+00 7.956E-05 2.927E-06 0.000E+00 8.248E-05 1.656E+00 1.862E+02  0.7263 0.97274
  4.000E+02 4.945E+02 1.663E+00 9.861E-05 5.696E-06 0.000E+00 1.043E-04 1.663E+00 2.163E+02  0.8342 0.97793
  4.500E+02 5.455E+02 1.671E+00 1.175E-04 9.326E-06 0.000E+00 1.268E-04 1.671E+00 2.463E+02  0.9379 0.98176
  5.000E+02 5.964E+02 1.680E+00 1.364E-04 1.379E-05 0.000E+00 1.502E-04 1.680E+00 2.761E+02  1.0374 0.98467
  5.500E+02 6.471E+02 1.689E+00 1.559E-04 1.905E-05 0.000E+00 1.750E-04 1.689E+00 3.058E+02  1.1327 0.98693
  6.000E+02 6.977E+02 1.699E+00 1.754E-04 2.508E-05 0.000E+00 2.005E-04 1.699E+00 3.353E+02  1.2242 0.98873
  7.000E+02 7.987E+02 1.717E+00 2.163E-04 3.937E-05 0.000E+00 2.557E-04 1.717E+00 3.939E+02  1.3960 0.99136
  8.000E+02 8.995E+02 1.734E+00 2.599E-04 5.646E-05 0.000E+00 3.163E-04 1.734E+00 4.518E+02  1.5545 0.99317
  9.000E+02 1.000E+03 1.750E+00 3.026E-04 7.616E-05 0.000E+00 3.788E-04 1.750E+00 5.093E+02  1.7012 0.99447
  1.000E+03 1.101E+03 1.765E+00 3.483E-04 9.833E-05 0.000E+00 4.466E-04 1.765E+00 5.661E+02  1.8375 0.99542
  1.200E+03 1.301E+03 1.791E+00 4.451E-04 1.495E-04 0.000E+00 5.946E-04 1.792E+00 6.786E+02  2.0837 0.99672
  1.400E+03 1.502E+03 1.814E+00 5.445E-04 2.089E-04 9.138E-06 7.625E-04 1.815E+00 7.895E+02  2.3010 0.99753
  1.700E+03 1.803E+03 1.844E+00 7.018E-04 3.119E-04 1.018E-04 1.116E-03 1.845E+00 9.535E+02  2.5856 0.99829
  2.000E+03 2.103E+03 1.869E+00 8.692E-04 4.297E-04 1.948E-04 1.494E-03 1.871E+00 1.115E+03  2.8322 0.99874
  2.500E+03 2.604E+03 1.904E+00 1.161E-03 6.542E-04 3.737E-04 2.189E-03 1.906E+00 1.380E+03  3.1824 0.99918
  3.000E+03 3.104E+03 1.932E+00 1.466E-03 9.092E-04 5.492E-04 2.925E-03 1.935E+00 1.640E+03  3.4779 0.99942
  3.500E+03 3.604E+03 1.956E+00 1.788E-03 1.190E-03 7.360E-04 3.715E-03 1.959E+00 1.897E+03  3.7341 0.99957
  4.000E+03 4.104E+03 1.976E+00 2.127E-03 1.508E-03 9.233E-04 4.558E-03 1.980E+00 2.151E+03  3.9605 0.99967
  4.500E+03 4.604E+03 1.993E+00 2.470E-03 1.852E-03 1.118E-03 5.440E-03 1.999E+00 2.402E+03  4.1636 0.99974
  5.000E+03 5.105E+03 2.009E+00 2.822E-03 2.216E-03 1.322E-03 6.361E-03 2.015E+00 2.651E+03  4.3478 0.99979
  5.500E+03 5.605E+03 2.023E+00 3.183E-03 2.599E-03 1.524E-03 7.307E-03 2.030E+00 2.898E+03  4.5165 0.99982
  6.000E+03 6.105E+03 2.035E+00 3.552E-03 2.998E-03 1.713E-03 8.264E-03 2.044E+00 3.144E+03  4.6720 0.99985
  7.000E+03 7.105E+03 2.057E+00 4.316E-03 3.843E-03 2.112E-03 1.027E-02 2.068E+00 3.630E+03  4.9512 0.99989
  8.000E+03 8.105E+03 2.076E+00 5.101E-03 4.741E-03 2.530E-03 1.237E-02 2.088E+00 4.112E+03  5.1965 0.99992
  9.000E+03 9.105E+03 2.092E+00 5.921E-03 5.686E-03 2.906E-03 1.451E-02 2.107E+00 4.588E+03  5.4154 0.99993
  1.000E+04 1.011E+04 2.106E+00 6.749E-03 6.673E-03 3.293E-03 1.672E-02 2.123E+00 5.061E+03  5.6130 0.99995
  1.200E+04 1.211E+04 2.130E+00 8.458E-03 8.758E-03 4.077E-03 2.129E-02 2.152E+00 5.997E+03  5.9586 0.99996
  1.400E+04 1.411E+04 2.150E+00 1.023E-02 1.097E-02 4.863E-03 2.606E-02 2.176E+00 6.921E+03  6.2541 0.99997
  1.700E+04 1.711E+04 2.175E+00 1.297E-02 1.448E-02 6.049E-03 3.350E-02 2.208E+00 8.290E+03  6.6298 0.99998
  2.000E+04 2.011E+04 2.194E+00 1.581E-02 1.819E-02 7.197E-03 4.120E-02 2.236E+00 9.640E+03  6.9468 0.99999
  2.500E+04 2.511E+04 2.221E+00 2.071E-02 2.473E-02 9.085E-03 5.453E-02 2.275E+00 1.186E+04  7.3849 0.99999
  3.000E+04 3.011E+04 2.242E+00 2.579E-02 3.163E-02 1.094E-02 6.836E-02 2.310E+00 1.404E+04  7.7446 0.99999
  3.500E+04 3.511E+04 2.260E+00 3.103E-02 3.882E-02 1.282E-02 8.266E-02 2.342E+00 1.619E+04  8.0498 1.00000
  4.000E+04 4.011E+04 2.274E+00 3.637E-02 4.625E-02 1.467E-02 9.730E-02 2.372E+00 1.831E+04  8.3147 1.00000
  4.500E+04 4.511E+04 2.287E+00 4.186E-02 5.389E-02 1.651E-02 1.123E-01 2.400E+00 2.040E+04  8.5487 1.00000
  5.000E+04 5.011E+04 2.299E+00 4.741E-02 6.170E-02 1.834E-02 1.275E-01 2.426E+00 2.248E+04  8.7582 1.00000
  5.500E+04 5.511E+04 2.309E+00 5.304E-02 6.968E-02 2.019E-02 1.429E-01 2.452E+00 2.453E+04  8.9480 1.00000
  6.000E+04 6.011E+04 2.318E+00 5.875E-02 7.779E-02 2.202E-02 1.586E-01 2.477E+00 2.656E+04  9.1213 1.00000
  7.000E+04 7.011E+04 2.335E+00 7.037E-02 9.437E-02 2.566E-02 1.904E-01 2.525E+00 3.055E+04  9.4285 1.00000
  8.000E+04 8.011E+04 2.349E+00 8.221E-02 1.114E-01 2.931E-02 2.229E-01 2.572E+00 3.448E+04  9.6948 1.00000
  9.000E+04 9.011E+04 2.361E+00 9.425E-02 1.287E-01 3.298E-02 2.559E-01 2.617E+00 3.833E+04  9.9298 1.00000
  1.000E+05 1.001E+05 2.372E+00 1.065E-01 1.463E-01 3.658E-02 2.894E-01 2.661E+00 4.212E+04 10.1402 1.00000
  1.200E+05 1.201E+05 2.390E+00 1.313E-01 1.823E-01 4.389E-02 3.575E-01 2.748E+00 4.952E+04 10.5042 1.00000
  1.400E+05 1.401E+05 2.406E+00 1.567E-01 2.191E-01 5.122E-02 4.270E-01 2.833E+00 5.669E+04 10.8121 1.00000
  1.700E+05 1.701E+05 2.426E+00 1.955E-01 2.754E-01 6.224E-02 5.331E-01 2.959E+00 6.705E+04 11.2000 1.00000
  2.000E+05 2.001E+05 2.442E+00 2.349E-01 3.328E-01 7.332E-02 6.410E-01 3.083E+00 7.699E+04 11.5248 1.00000
  2.500E+05 2.501E+05 2.465E+00 3.021E-01 4.303E-01 9.189E-02 8.242E-01 3.289E+00 9.270E+04 11.9708 1.00000
  3.000E+05 3.001E+05 2.483E+00 3.704E-01 5.294E-01 1.106E-01 1.010E+00 3.493E+00 1.075E+05 12.3353 1.00000
  3.500E+05 3.501E+05 2.498E+00 4.398E-01 6.299E-01 1.296E-01 1.199E+00 3.698E+00 1.214E+05 12.6435 1.00000
  4.000E+05 4.001E+05 2.512E+00 5.099E-01 7.313E-01 1.487E-01 1.390E+00 3.902E+00 1.345E+05 12.9104 1.00000
  4.500E+05 4.501E+05 2.524E+00 5.807E-01 8.336E-01 1.679E-01 1.582E+00 4.106E+00 1.470E+05 13.1459 1.00000
  5.000E+05 5.001E+05 2.534E+00 6.522E-01 9.365E-01 1.872E-01 1.776E+00 4.310E+00 1.589E+05 13.3566 1.00000
  5.500E+05 5.501E+05 2.544E+00 7.241E-01 1.040E+00 2.065E-01 1.971E+00 4.514E+00 1.703E+05 13.5472 1.00000
  6.000E+05 6.001E+05 2.553E+00 7.965E-01 1.144E+00 2.259E-01 2.166E+00 4.719E+00 1.811E+05 13.7212 1.00000
  7.000E+05 7.001E+05 2.568E+00 9.424E-01 1.353E+00 2.650E-01 2.561E+00 5.129E+00 2.014E+05 14.0294 1.00000
  8.000E+05 8.001E+05 2.582E+00 1.090E+00 1.564E+00 3.045E-01 2.958E+00 5.540E+00 2.202E+05 14.2964 1.00000
  9.000E+05 9.001E+05 2.594E+00 1.238E+00 1.775E+00 3.445E-01 3.358E+00 5.952E+00 2.376E+05 14.5320 1.00000
  1.000E+06 1.000E+06 2.605E+00 1.387E+00 1.988E+00 3.848E-01 3.760E+00 6.364E+00 2.539E+05 14.7427 1.00000
  1.200E+06 1.200E+06 2.623E+00 1.687E+00 2.415E+00 4.666E-01 4.569E+00 7.192E+00 2.835E+05 15.1073 1.00000
  1.400E+06 1.400E+06 2.639E+00 1.990E+00 2.844E+00 5.495E-01 5.384E+00 8.023E+00 3.099E+05 15.4155 1.00000
  1.700E+06 1.700E+06 2.660E+00 2.448E+00 3.491E+00 6.761E-01 6.615E+00 9.275E+00 3.448E+05 15.8038 1.00000
  2.000E+06 2.000E+06 2.677E+00 2.909E+00 4.140E+00 8.047E-01 7.854E+00 1.053E+01 3.752E+05 16.1288 1.00000
  2.500E+06 2.500E+06 2.700E+00 3.683E+00 5.227E+00 1.023E+00 9.933E+00 1.263E+01 4.187E+05 16.5751 1.00000
  3.000E+06 3.000E+06 2.720E+00 4.461E+00 6.317E+00 1.246E+00 1.202E+01 1.474E+01 4.554E+05 16.9397 1.00000
  3.500E+06 3.500E+06 2.736E+00 5.244E+00 7.410E+00 1.473E+00 1.413E+01 1.686E+01 4.872E+05 17.2480 1.00000
  4.000E+06 4.000E+06 2.751E+00 6.029E+00 8.505E+00 1.703E+00 1.624E+01 1.899E+01 5.152E+05 17.5151 1.00000
  4.500E+06 4.500E+06 2.763E+00 6.817E+00 9.602E+00 1.936E+00 1.836E+01 2.112E+01 5.402E+05 17.7506 1.00000
  5.000E+06 5.000E+06 2.775E+00 7.606E+00 1.070E+01 2.172E+00 2.048E+01 2.325E+01 5.628E+05 17.9614 1.00000
  5.500E+06 5.500E+06 2.785E+00 8.397E+00 1.180E+01 2.411E+00 2.261E+01 2.539E+01 5.834E+05 18.1520 1.00000
  6.000E+06 6.000E+06 2.795E+00 9.190E+00 1.290E+01 2.651E+00 2.474E+01 2.754E+01 6.023E+05 18.3260 1.00000
  7.000E+06 7.000E+06 2.812E+00 1.078E+01 1.510E+01 3.139E+00 2.902E+01 3.183E+01 6.362E+05 18.6343 1.00000
  8.000E+06 8.000E+06 2.827E+00 1.237E+01 1.731E+01 3.635E+00 3.331E+01 3.614E+01 6.657E+05 18.9013 1.00000
  9.000E+06 9.000E+06 2.840E+00 1.397E+01 1.951E+01 4.137E+00 3.762E+01 4.046E+01 6.919E+05 19.1369 1.00000
  1.000E+07 1.000E+07 2.852E+00 1.556E+01 2.172E+01 4.645E+00 4.193E+01 4.478E+01 7.155E+05 19.3476 1.00000
  1.200E+07 1.200E+07 2.872E+00 1.877E+01 2.614E+01 5.678E+00 5.058E+01 5.346E+01 7.565E+05 19.7123 1.00000
  1.400E+07 1.400E+07 2.890E+00 2.197E+01 3.056E+01 6.730E+00 5.926E+01 6.215E+01 7.913E+05 20.0206 1.00000
  1.700E+07 1.700E+07 2.912E+00 2.679E+01 3.720E+01 8.340E+00 7.233E+01 7.524E+01 8.354E+05 20.4089 1.00000
  2.000E+07 2.000E+07 2.931E+00 3.162E+01 4.384E+01 9.982E+00 8.544E+01 8.837E+01 8.723E+05 20.7339 1.00000
  2.500E+07 2.500E+07 2.957E+00 3.967E+01 5.492E+01 1.278E+01 1.074E+02 1.103E+02 9.232E+05 21.1802 1.00000
  3.000E+07 3.000E+07 2.979E+00 4.774E+01 6.600E+01 1.564E+01 1.294E+02 1.324E+02 9.648E+05 21.5448 1.00000
  3.500E+07 3.500E+07 2.997E+00 5.581E+01 7.709E+01 1.856E+01 1.515E+02 1.545E+02 9.998E+05 21.8531 1.00000
  4.000E+07 4.000E+07 3.013E+00 6.389E+01 8.817E+01 2.152E+01 1.736E+02 1.766E+02 1.030E+06 22.1202 1.00000
  4.500E+07 4.500E+07 3.027E+00 7.197E+01 9.926E+01 2.453E+01 1.958E+02 1.988E+02 1.057E+06 22.3558 1.00000
  5.000E+07 5.000E+07 3.040E+00 8.006E+01 1.104E+02 2.758E+01 2.180E+02 2.210E+02 1.081E+06 22.5665 1.00000
  5.500E+07 5.500E+07 3.051E+00 8.815E+01 1.214E+02 3.066E+01 2.403E+02 2.433E+02 1.102E+06 22.7571 1.00000
  6.000E+07 6.000E+07 3.062E+00 9.624E+01 1.325E+02 3.378E+01 2.626E+02 2.656E+02 1.122E+06 22.9311 1.00000
  7.000E+07 7.000E+07 3.081E+00 1.124E+02 1.547E+02 4.010E+01 3.073E+02 3.103E+02 1.157E+06 23.2394 1.00000
  8.000E+07 8.000E+07 3.097E+00 1.286E+02 1.769E+02 4.653E+01 3.521E+02 3.552E+02 1.187E+06 23.5065 1.00000
  9.000E+07 9.000E+07 3.112E+00 1.448E+02 1.991E+02 5.305E+01 3.970E+02 4.001E+02 1.214E+06 23.7421 1.00000
  1.000E+08 1.000E+08 3.125E+00 1.610E+02 2.213E+02 5.966E+01 4.420E+02 4.451E+02 1.238E+06 23.9528 1.00000
  1.200E+08 1.200E+08 3.148E+00 1.934E+02 2.657E+02 7.310E+01 5.323E+02 5.354E+02 1.279E+06 24.3174 1.00000
  1.400E+08 1.400E+08 3.168E+00 2.259E+02 3.101E+02 8.682E+01 6.228E+02 6.260E+02 1.313E+06 24.6257 1.00000
  1.700E+08 1.700E+08 3.193E+00 2.745E+02 3.767E+02 1.078E+02 7.590E+02 7.622E+02 1.357E+06 25.0140 1.00000
  2.000E+08 2.000E+08 3.214E+00 3.231E+02 4.433E+02 1.293E+02 8.958E+02 8.990E+02 1.393E+06 25.3391 1.00000
  2.500E+08 2.500E+08 3.243E+00 4.043E+02 5.543E+02 1.659E+02 1.124E+03 1.128E+03 1.443E+06 25.7854 1.00000
  3.000E+08 3.000E+08 3.267E+00 4.854E+02 6.654E+02 2.034E+02 1.354E+03 1.357E+03 1.484E+06 26.1500 1.00000
  3.500E+08 3.500E+08 3.287E+00 5.665E+02 7.764E+02 2.416E+02 1.585E+03 1.588E+03 1.518E+06 26.4583 1.00000
  4.000E+08 4.000E+08 3.305E+00 6.476E+02 8.874E+02 2.806E+02 1.816E+03 1.819E+03 1.548E+06 26.7254 1.00000
  4.500E+08 4.500E+08 3.321E+00 7.287E+02 9.984E+02 3.201E+02 2.047E+03 2.051E+03 1.573E+06 26.9609 1.00000
  5.000E+08 5.000E+08 3.335E+00 8.099E+02 1.109E+03 3.602E+02 2.280E+03 2.283E+03 1.597E+06 27.1716 1.00000
  5.500E+08 5.500E+08 3.348E+00 8.910E+02 1.220E+03 4.008E+02 2.512E+03 2.516E+03 1.617E+06 27.3623 1.00000
  6.000E+08 6.000E+08 3.360E+00 9.722E+02 1.331E+03 4.418E+02 2.745E+03 2.749E+03 1.637E+06 27.5363 1.00000
  7.000E+08 7.000E+08 3.381E+00 1.134E+03 1.554E+03 5.251E+02 3.213E+03 3.216E+03 1.670E+06 27.8446 1.00000
  8.000E+08 8.000E+08 3.399E+00 1.297E+03 1.776E+03 6.098E+02 3.682E+03 3.686E+03 1.699E+06 28.1116 1.00000
  9.000E+08 9.000E+08 3.416E+00 1.459E+03 1.998E+03 6.959E+02 4.153E+03 4.156E+03 1.725E+06 28.3471 1.00000
  1.000E+09 1.000E+09 3.430E+00 1.621E+03 2.220E+03 7.832E+02 4.624E+03 4.628E+03 1.748E+06 28.5578 1.00000
  1.200E+09 1.200E+09 3.456E+00 1.946E+03 2.664E+03 9.610E+02 5.571E+03 5.574E+03 1.787E+06 28.9225 1.00000
  1.400E+09 1.400E+09 3.478E+00 2.271E+03 3.108E+03 1.142E+03 6.521E+03 6.524E+03 1.821E+06 29.2304 1.00000
  1.700E+09 1.700E+09 3.506E+00 2.757E+03 3.774E+03 1.421E+03 7.952E+03 7.955E+03 1.862E+06 29.6187 1.00000
  2.000E+09 2.000E+09 3.529E+00 3.244E+03 4.440E+03 1.705E+03 9.389E+03 9.393E+03 1.897E+06 29.9422 1.00000
  2.500E+09 2.500E+09 3.562E+00 4.056E+03 5.550E+03 2.191E+03 1.180E+04 1.180E+04 1.945E+06 30.3885 1.00000
  3.000E+09 3.000E+09 3.589E+00 4.868E+03 6.660E+03 2.690E+03 1.422E+04 1.422E+04 1.984E+06 30.7466 1.00000
  3.500E+09 3.500E+09 3.612E+00 5.679E+03 7.769E+03 3.200E+03 1.665E+04 1.665E+04 2.016E+06 31.0549 1.00000
  4.000E+09 4.000E+09 3.632E+00 6.491E+03 8.879E+03 3.718E+03 1.909E+04 1.909E+04 2.045E+06 31.3220 1.00000
  4.500E+09 4.500E+09 3.652E+00 7.302E+03 9.989E+03 4.246E+03 2.154E+04 2.154E+04 2.069E+06 31.5284 1.00000
  5.000E+09 5.000E+09 3.668E+00 8.114E+03 1.110E+04 4.781E+03 2.399E+04 2.400E+04 2.091E+06 31.7391 1.00000
  5.500E+09 5.500E+09 3.682E+00 8.925E+03 1.221E+04 5.322E+03 2.646E+04 2.646E+04 2.111E+06 31.9298 1.00000
  6.000E+09 6.000E+09 3.695E+00 9.737E+03 1.332E+04 5.871E+03 2.893E+04 2.893E+04 2.129E+06 32.1038 1.00000
  7.000E+09 7.000E+09 3.719E+00 1.136E+04 1.554E+04 6.985E+03 3.388E+04 3.389E+04 2.161E+06 32.4121 1.00000
  8.000E+09 8.000E+09 3.751E+00 1.298E+04 1.776E+04 8.119E+03 3.886E+04 3.886E+04 2.189E+06 32.5237 1.00000
  9.000E+09 9.000E+09 3.770E+00 1.461E+04 1.998E+04 9.273E+03 4.386E+04 4.386E+04 2.213E+06 32.7592 1.00000
  1.000E+10 1.000E+10 3.786E+00 1.623E+04 2.220E+04 1.044E+04 4.887E+04 4.887E+04 2.235E+06 32.9700 1.00000
  1.200E+10 1.200E+10 3.815E+00 1.948E+04 2.663E+04 1.283E+04 5.894E+04 5.894E+04 2.272E+06 33.3346 1.00000
  1.400E+10 1.400E+10 3.839E+00 2.272E+04 3.107E+04 1.527E+04 6.906E+04 6.907E+04 2.304E+06 33.6429 1.00000
  1.700E+10 1.700E+10 3.870E+00 2.759E+04 3.773E+04 1.901E+04 8.433E+04 8.434E+04 2.343E+06 34.0312 1.00000
  2.000E+10 2.000E+10 3.896E+00 3.246E+04 4.438E+04 2.285E+04 9.969E+04 9.970E+04 2.376E+06 34.3563 1.00000
  2.500E+10 2.500E+10 3.933E+00 4.058E+04 5.548E+04 2.941E+04 1.255E+05 1.255E+05 2.421E+06 34.8026 1.00000
  3.000E+10 3.000E+10 3.963E+00 4.869E+04 6.657E+04 3.615E+04 1.514E+05 1.514E+05 2.457E+06 35.1672 1.00000
  3.500E+10 3.500E+10 3.988E+00 5.681E+04 7.766E+04 4.304E+04 1.775E+05 1.775E+05 2.488E+06 35.4755 1.00000
  4.000E+10 4.000E+10 4.011E+00 6.492E+04 8.875E+04 5.006E+04 2.037E+05 2.037E+05 2.514E+06 35.7426 1.00000
  4.500E+10 4.500E+10 4.030E+00 7.304E+04 9.984E+04 5.721E+04 2.301E+05 2.301E+05 2.538E+06 35.9781 1.00000
  5.000E+10 5.000E+10 4.048E+00 8.116E+04 1.109E+05 6.447E+04 2.566E+05 2.566E+05 2.558E+06 36.1888 1.00000
  5.500E+10 5.500E+10 4.064E+00 8.927E+04 1.220E+05 7.182E+04 2.831E+05 2.831E+05 2.577E+06 36.3795 1.00000
  6.000E+10 6.000E+10 4.079E+00 9.739E+04 1.331E+05 7.927E+04 3.098E+05 3.098E+05 2.594E+06 36.5535 1.00000
  7.000E+10 7.000E+10 4.106E+00 1.136E+05 1.553E+05 9.442E+04 3.633E+05 3.633E+05 2.624E+06 36.8618 1.00000
  8.000E+10 8.000E+10 4.129E+00 1.298E+05 1.775E+05 1.099E+05 4.172E+05 4.172E+05 2.649E+06 37.1289 1.00000
  9.000E+10 9.000E+10 4.149E+00 1.461E+05 1.996E+05 1.256E+05 4.713E+05 4.713E+05 2.672E+06 37.3644 1.00000
  1.000E+11 1.000E+11 4.167E+00 1.623E+05 2.218E+05 1.416E+05 5.257E+05 5.257E+05 2.692E+06 37.5751 1.00000
  1.200E+11 1.200E+11 4.200E+00 1.948E+05 2.661E+05 1.741E+05 6.351E+05 6.351E+05 2.727E+06 37.9398 1.00000
  1.400E+11 1.400E+11 4.227E+00 2.272E+05 3.105E+05 2.075E+05 7.452E+05 7.452E+05 2.756E+06 38.2481 1.00000
  1.700E+11 1.700E+11 4.262E+00 2.759E+05 3.770E+05 2.588E+05 9.117E+05 9.117E+05 2.793E+06 38.6364 1.00000
  2.000E+11 2.000E+11 4.291E+00 3.246E+05 4.435E+05 3.114E+05 1.079E+06 1.079E+06 2.823E+06 38.9614 1.00000
  2.500E+11 2.500E+11 4.331E+00 4.058E+05 5.543E+05 4.014E+05 1.362E+06 1.362E+06 2.864E+06 39.4077 1.00000
  3.000E+11 3.000E+11 4.365E+00 4.869E+05 6.651E+05 4.941E+05 1.646E+06 1.646E+06 2.898E+06 39.7724 1.00000
  3.500E+11 3.500E+11 4.393E+00 5.681E+05 7.759E+05 5.891E+05 1.933E+06 1.933E+06 2.926E+06 40.0807 1.00000
  4.000E+11 4.000E+11 4.418E+00 6.493E+05 8.867E+05 6.860E+05 2.222E+06 2.222E+06 2.950E+06 40.3477 1.00000
  4.500E+11 4.500E+11 4.440E+00 7.304E+05 9.975E+05 7.847E+05 2.513E+06 2.513E+06 2.971E+06 40.5833 1.00000
  5.000E+11 5.000E+11 4.460E+00 8.116E+05 1.108E+06 8.850E+05 2.805E+06 2.805E+06 2.990E+06 40.7940 1.00000
  5.500E+11 5.500E+11 4.478E+00 8.927E+05 1.219E+06 9.867E+05 3.099E+06 3.099E+06 3.007E+06 40.9846 1.00000
  6.000E+11 6.000E+11 4.495E+00 9.739E+05 1.330E+06 1.090E+06 3.394E+06 3.394E+06 3.023E+06 41.1587 1.00000
  7.000E+11 7.000E+11 4.524E+00 1.136E+06 1.551E+06 1.300E+06 3.987E+06 3.987E+06 3.050E+06 41.4670 1.00000
  8.000E+11 8.000E+11 4.550E+00 1.299E+06 1.773E+06 1.514E+06 4.586E+06 4.586E+06 3.073E+06 41.7340 1.00000
  9.000E+11 9.000E+11 4.573E+00 1.461E+06 1.994E+06 1.733E+06 5.188E+06 5.188E+06 3.094E+06 41.9696 1.00000
  1.000E+12 1.000E+12 4.593E+00 1.623E+06 2.216E+06 1.955E+06 5.794E+06 5.794E+06 3.112E+06 42.1803 1.00000
