 Incident particle is a Muon with M = 105.65839 MeV
 Index = 3: FerricOxide
      Absorber with <Z/A> = 0.47593
 Density effect computed following Fano (1963)
 Models for Radloss: brems =  KKP, pair =  KKP, photonuc = DRSS

 *** Table generated with PUMAS v1.10 ***

      T         p     Ionization  brems     pair     photonuc  Radloss    dE/dx   CSDA Range  delta   beta
    [MeV]    [MeV/c]  -----------------------[MeV cm^2/g]------------------------  [g/cm^2]
  1.000E+00 1.457E+01 3.465E+01 0.000E+00 0.000E+00 0.000E+00 0.000E+00 3.465E+01 1.443E-02  0.0003 0.13661
  1.200E+00 1.597E+01 3.013E+01 0.000E+00 0.000E+00 0.000E+00 0.000E+00 3.013E+01 2.063E-02  0.0003 0.14944
  1.400E+00 1.726E+01 2.675E+01 0.000E+00 0.000E+00 0.000E+00 0.000E+00 2.675E+01 2.769E-02  0.0004 0.16119
  1.700E+00 1.903E+01 2.301E+01 0.000E+00 0.000E+00 0.000E+00 0.000E+00 2.301E+01 3.982E-02  0.0005 0.17725
  2.000E+00 2.066E+01 2.027E+01 0.000E+00 0.000E+00 0.000E+00 0.000E+00 2.027E+01 5.374E-02  0.0006 0.19186
  2.500E+00 2.312E+01 1.702E+01 0.000E+00 0.000E+00 0.000E+00 0.000E+00 1.702E+01 8.076E-02  0.0007 0.21376
  3.000E+00 2.536E+01 1.475E+01 0.000E+00 0.000E+00 0.000E+00 0.000E+00 1.475E+01 1.124E-01  0.0009 0.23336
  3.500E+00 2.742E+01 1.307E+01 0.000E+00 0.000E+00 0.000E+00 0.000E+00 1.307E+01 1.485E-01  0.0011 0.25120
  4.000E+00 2.935E+01 1.178E+01 0.000E+00 0.000E+00 0.000E+00 0.000E+00 1.178E+01 1.888E-01  0.0014 0.26763
  4.500E+00 3.116E+01 1.074E+01 0.000E+00 0.000E+00 0.000E+00 0.000E+00 1.074E+01 2.333E-01  0.0017 0.28290
  5.000E+00 3.289E+01 9.899E+00 0.000E+00 0.000E+00 0.000E+00 0.000E+00 9.899E+00 2.818E-01  0.0019 0.29720
  5.500E+00 3.453E+01 9.194E+00 0.000E+00 0.000E+00 0.000E+00 0.000E+00 9.194E+00 3.343E-01  0.0022 0.31066
  6.000E+00 3.611E+01 8.598E+00 0.000E+00 0.000E+00 0.000E+00 0.000E+00 8.598E+00 3.906E-01  0.0026 0.32339
  7.000E+00 3.909E+01 7.641E+00 0.000E+00 0.000E+00 0.000E+00 0.000E+00 7.641E+00 5.142E-01  0.0033 0.34700
  8.000E+00 4.189E+01 6.905E+00 0.000E+00 0.000E+00 0.000E+00 0.000E+00 6.905E+00 6.520E-01  0.0041 0.36854
  9.000E+00 4.453E+01 6.322E+00 0.000E+00 0.000E+00 0.000E+00 0.000E+00 6.322E+00 8.035E-01  0.0049 0.38836
  1.000E+01 4.704E+01 5.847E+00 0.000E+00 0.000E+00 0.000E+00 0.000E+00 5.847E+00 9.681E-01  0.0058 0.40675
  1.200E+01 5.177E+01 5.120E+00 0.000E+00 0.000E+00 0.000E+00 0.000E+00 5.120E+00 1.334E+00  0.0079 0.43998
  1.400E+01 5.616E+01 4.588E+00 0.000E+00 0.000E+00 0.000E+00 0.000E+00 4.588E+00 1.748E+00  0.0102 0.46937
  1.700E+01 6.230E+01 4.013E+00 0.000E+00 0.000E+00 0.000E+00 0.000E+00 4.013E+00 2.448E+00  0.0140 0.50792
  2.000E+01 6.802E+01 3.602E+00 0.000E+00 0.000E+00 0.000E+00 0.000E+00 3.602E+00 3.239E+00  0.0183 0.54129
  2.500E+01 7.686E+01 3.129E+00 0.000E+00 0.000E+00 0.000E+00 0.000E+00 3.129E+00 4.732E+00  0.0264 0.58827
  3.000E+01 8.509E+01 2.809E+00 0.000E+00 0.000E+00 0.000E+00 0.000E+00 2.809E+00 6.421E+00  0.0354 0.62720
  3.500E+01 9.285E+01 2.579E+00 0.000E+00 0.000E+00 0.000E+00 0.000E+00 2.579E+00 8.280E+00  0.0451 0.66011
  4.000E+01 1.003E+02 2.405E+00 0.000E+00 0.000E+00 0.000E+00 0.000E+00 2.405E+00 1.029E+01  0.0554 0.68834
  4.500E+01 1.074E+02 2.271E+00 0.000E+00 0.000E+00 0.000E+00 0.000E+00 2.271E+00 1.243E+01  0.0663 0.71286
  5.000E+01 1.143E+02 2.164E+00 0.000E+00 0.000E+00 0.000E+00 0.000E+00 2.164E+00 1.469E+01  0.0775 0.73434
  5.500E+01 1.210E+02 2.077E+00 0.000E+00 0.000E+00 0.000E+00 0.000E+00 2.077E+00 1.705E+01  0.0892 0.75332
  6.000E+01 1.276E+02 2.005E+00 0.000E+00 0.000E+00 0.000E+00 0.000E+00 2.005E+00 1.950E+01  0.1011 0.77019
  7.000E+01 1.403E+02 1.894E+00 0.000E+00 0.000E+00 0.000E+00 0.000E+00 1.894E+00 2.463E+01  0.1255 0.79887
  8.000E+01 1.527E+02 1.813E+00 0.000E+00 0.000E+00 0.000E+00 0.000E+00 1.813E+00 3.003E+01  0.1505 0.82227
  9.000E+01 1.647E+02 1.752E+00 0.000E+00 0.000E+00 0.000E+00 0.000E+00 1.752E+00 3.564E+01  0.1760 0.84166
  1.000E+02 1.764E+02 1.706E+00 0.000E+00 0.000E+00 0.000E+00 0.000E+00 1.706E+00 4.142E+01  0.2016 0.85794
  1.200E+02 1.994E+02 1.641E+00 0.000E+00 0.000E+00 0.000E+00 0.000E+00 1.641E+00 5.338E+01  0.2529 0.88361
  1.400E+02 2.218E+02 1.599E+00 0.000E+00 0.000E+00 0.000E+00 0.000E+00 1.599E+00 6.573E+01  0.3039 0.90278
  1.700E+02 2.546E+02 1.562E+00 3.064E-06 1.519E-14 0.000E+00 3.064E-06 1.562E+00 8.471E+01  0.3791 0.92363
  2.000E+02 2.868E+02 1.542E+00 6.901E-06 3.397E-12 0.000E+00 6.901E-06 1.542E+00 1.040E+02  0.4523 0.93835
  2.500E+02 3.396E+02 1.529E+00 1.187E-05 2.789E-08 0.000E+00 1.190E-05 1.529E+00 1.366E+02  0.5695 0.95485
  3.000E+02 3.917E+02 1.528E+00 4.442E-05 1.451E-06 0.000E+00 4.587E-05 1.528E+00 1.693E+02  0.6804 0.96548
  3.500E+02 4.432E+02 1.533E+00 9.339E-05 5.165E-06 0.000E+00 9.855E-05 1.533E+00 2.020E+02  0.7854 0.97274
  4.000E+02 4.945E+02 1.541E+00 1.327E-04 1.022E-05 0.000E+00 1.429E-04 1.541E+00 2.345E+02  0.8847 0.97793
  4.500E+02 5.455E+02 1.551E+00 1.699E-04 1.687E-05 0.000E+00 1.868E-04 1.551E+00 2.668E+02  0.9789 0.98176
  5.000E+02 5.964E+02 1.561E+00 2.038E-04 2.505E-05 0.000E+00 2.289E-04 1.561E+00 2.990E+02  1.0682 0.98467
  5.500E+02 6.471E+02 1.571E+00 2.387E-04 3.471E-05 0.000E+00 2.734E-04 1.571E+00 3.309E+02  1.1529 0.98693
  6.000E+02 6.977E+02 1.581E+00 2.757E-04 4.582E-05 0.000E+00 3.215E-04 1.581E+00 3.626E+02  1.2336 0.98873
  7.000E+02 7.987E+02 1.600E+00 3.457E-04 7.213E-05 0.000E+00 4.178E-04 1.601E+00 4.255E+02  1.3837 0.99136
  8.000E+02 8.995E+02 1.619E+00 4.205E-04 1.036E-04 0.000E+00 5.241E-04 1.619E+00 4.876E+02  1.5207 0.99317
  9.000E+02 1.000E+03 1.636E+00 4.944E-04 1.400E-04 0.000E+00 6.344E-04 1.637E+00 5.490E+02  1.6466 0.99447
  1.000E+03 1.101E+03 1.652E+00 5.708E-04 1.808E-04 0.000E+00 7.516E-04 1.653E+00 6.098E+02  1.7630 0.99542
  1.200E+03 1.301E+03 1.681E+00 7.362E-04 2.753E-04 0.000E+00 1.011E-03 1.682E+00 7.298E+02  1.9721 0.99672
  1.400E+03 1.502E+03 1.706E+00 9.029E-04 3.850E-04 9.072E-06 1.297E-03 1.707E+00 8.479E+02  2.1560 0.99753
  1.700E+03 1.803E+03 1.738E+00 1.177E-03 5.753E-04 1.009E-04 1.853E-03 1.740E+00 1.022E+03  2.3965 0.99829
  2.000E+03 2.103E+03 1.765E+00 1.460E-03 7.928E-04 1.928E-04 2.446E-03 1.767E+00 1.193E+03  2.6052 0.99874
  2.500E+03 2.604E+03 1.802E+00 1.956E-03 1.207E-03 3.690E-04 3.532E-03 1.806E+00 1.473E+03  2.9033 0.99918
  3.000E+03 3.104E+03 1.833E+00 2.484E-03 1.678E-03 5.413E-04 4.704E-03 1.838E+00 1.747E+03  3.1576 0.99942
  3.500E+03 3.604E+03 1.858E+00 3.046E-03 2.198E-03 7.241E-04 5.968E-03 1.864E+00 2.018E+03  3.3807 0.99957
  4.000E+03 4.104E+03 1.880E+00 3.614E-03 2.772E-03 9.070E-04 7.292E-03 1.887E+00 2.284E+03  3.5804 0.99967
  4.500E+03 4.604E+03 1.898E+00 4.199E-03 3.389E-03 1.096E-03 8.685E-03 1.907E+00 2.548E+03  3.7616 0.99974
  5.000E+03 5.105E+03 1.915E+00 4.801E-03 4.043E-03 1.296E-03 1.014E-02 1.925E+00 2.809E+03  3.9278 0.99979
  5.500E+03 5.605E+03 1.930E+00 5.417E-03 4.728E-03 1.492E-03 1.164E-02 1.941E+00 3.067E+03  4.0814 0.99982
  6.000E+03 6.105E+03 1.943E+00 6.078E-03 5.443E-03 1.675E-03 1.320E-02 1.956E+00 3.324E+03  4.2242 0.99985
  7.000E+03 7.105E+03 1.965E+00 7.386E-03 6.951E-03 2.062E-03 1.640E-02 1.982E+00 3.832E+03  4.4830 0.99989
  8.000E+03 8.105E+03 1.985E+00 8.734E-03 8.554E-03 2.467E-03 1.975E-02 2.004E+00 4.334E+03  4.7125 0.99992
  9.000E+03 9.105E+03 2.001E+00 1.012E-02 1.024E-02 2.830E-03 2.319E-02 2.024E+00 4.830E+03  4.9186 0.99993
  1.000E+04 1.011E+04 2.016E+00 1.154E-02 1.200E-02 3.204E-03 2.674E-02 2.043E+00 5.322E+03  5.1056 0.99995
  1.200E+04 1.211E+04 2.040E+00 1.446E-02 1.570E-02 3.960E-03 3.412E-02 2.075E+00 6.293E+03  5.4339 0.99996
  1.400E+04 1.411E+04 2.061E+00 1.755E-02 1.962E-02 4.716E-03 4.189E-02 2.103E+00 7.251E+03  5.7156 0.99997
  1.700E+04 1.711E+04 2.086E+00 2.227E-02 2.585E-02 5.856E-03 5.397E-02 2.139E+00 8.666E+03  6.0747 0.99998
  2.000E+04 2.011E+04 2.106E+00 2.714E-02 3.241E-02 6.958E-03 6.651E-02 2.172E+00 1.006E+04  6.3783 0.99999
  2.500E+04 2.511E+04 2.133E+00 3.556E-02 4.394E-02 8.765E-03 8.826E-02 2.221E+00 1.233E+04  6.7990 0.99999
  3.000E+04 3.011E+04 2.154E+00 4.428E-02 5.608E-02 1.054E-02 1.109E-01 2.265E+00 1.456E+04  7.1458 0.99999
  3.500E+04 3.511E+04 2.172E+00 5.324E-02 6.870E-02 1.233E-02 1.343E-01 2.306E+00 1.675E+04  7.4410 1.00000
  4.000E+04 4.011E+04 2.187E+00 6.240E-02 8.173E-02 1.410E-02 1.582E-01 2.345E+00 1.890E+04  7.6982 1.00000
  4.500E+04 4.511E+04 2.200E+00 7.174E-02 9.509E-02 1.585E-02 1.827E-01 2.383E+00 2.102E+04  7.9261 1.00000
  5.000E+04 5.011E+04 2.211E+00 8.124E-02 1.088E-01 1.760E-02 2.076E-01 2.419E+00 2.310E+04  8.1307 1.00000
  5.500E+04 5.511E+04 2.222E+00 9.087E-02 1.227E-01 1.936E-02 2.329E-01 2.455E+00 2.515E+04  8.3164 1.00000
  6.000E+04 6.011E+04 2.231E+00 1.006E-01 1.368E-01 2.110E-02 2.585E-01 2.489E+00 2.717E+04  8.4865 1.00000
  7.000E+04 7.011E+04 2.247E+00 1.206E-01 1.657E-01 2.456E-02 3.109E-01 2.558E+00 3.114E+04  8.7888 1.00000
  8.000E+04 8.011E+04 2.261E+00 1.409E-01 1.952E-01 2.803E-02 3.641E-01 2.625E+00 3.500E+04  9.0517 1.00000
  9.000E+04 9.011E+04 2.273E+00 1.614E-01 2.253E-01 3.151E-02 4.183E-01 2.691E+00 3.876E+04  9.2842 1.00000
  1.000E+05 1.001E+05 2.284E+00 1.823E-01 2.559E-01 3.492E-02 4.731E-01 2.757E+00 4.243E+04  9.4927 1.00000
  1.200E+05 1.201E+05 2.302E+00 2.247E-01 3.182E-01 4.187E-02 5.847E-01 2.887E+00 4.952E+04  9.8542 1.00000
  1.400E+05 1.401E+05 2.317E+00 2.679E-01 3.817E-01 4.881E-02 6.984E-01 3.016E+00 5.630E+04 10.1605 1.00000
  1.700E+05 1.701E+05 2.336E+00 3.340E-01 4.788E-01 5.925E-02 8.720E-01 3.208E+00 6.595E+04 10.5469 1.00000
  2.000E+05 2.001E+05 2.352E+00 4.012E-01 5.775E-01 6.975E-02 1.049E+00 3.401E+00 7.504E+04 10.8708 1.00000
  2.500E+05 2.501E+05 2.374E+00 5.153E-01 7.450E-01 8.731E-02 1.348E+00 3.722E+00 8.910E+04 11.3160 1.00000
  3.000E+05 3.001E+05 2.392E+00 6.314E-01 9.150E-01 1.050E-01 1.651E+00 4.043E+00 1.020E+05 11.6800 1.00000
  3.500E+05 3.501E+05 2.407E+00 7.491E-01 1.087E+00 1.230E-01 1.959E+00 4.366E+00 1.139E+05 11.9879 1.00000
  4.000E+05 4.001E+05 2.420E+00 8.681E-01 1.260E+00 1.410E-01 2.270E+00 4.690E+00 1.250E+05 12.2547 1.00000
  4.500E+05 4.501E+05 2.432E+00 9.881E-01 1.435E+00 1.592E-01 2.582E+00 5.014E+00 1.353E+05 12.4901 1.00000
  5.000E+05 5.001E+05 2.442E+00 1.109E+00 1.611E+00 1.775E-01 2.897E+00 5.339E+00 1.450E+05 12.7006 1.00000
  5.500E+05 5.501E+05 2.451E+00 1.231E+00 1.787E+00 1.956E-01 3.214E+00 5.665E+00 1.541E+05 12.8911 1.00000
  6.000E+05 6.001E+05 2.460E+00 1.353E+00 1.965E+00 2.139E-01 3.532E+00 5.992E+00 1.626E+05 13.0651 1.00000
  7.000E+05 7.001E+05 2.475E+00 1.600E+00 2.321E+00 2.509E-01 4.172E+00 6.647E+00 1.785E+05 13.3733 1.00000
  8.000E+05 8.001E+05 2.488E+00 1.849E+00 2.680E+00 2.882E-01 4.817E+00 7.305E+00 1.929E+05 13.6402 1.00000
  9.000E+05 9.001E+05 2.500E+00 2.099E+00 3.039E+00 3.260E-01 5.465E+00 7.964E+00 2.060E+05 13.8757 1.00000
  1.000E+06 1.000E+06 2.510E+00 2.351E+00 3.401E+00 3.641E-01 6.116E+00 8.626E+00 2.181E+05 14.0864 1.00000
  1.200E+06 1.200E+06 2.529E+00 2.858E+00 4.126E+00 4.412E-01 7.425E+00 9.953E+00 2.397E+05 14.4510 1.00000
  1.400E+06 1.400E+06 2.544E+00 3.368E+00 4.855E+00 5.195E-01 8.742E+00 1.129E+01 2.586E+05 14.7592 1.00000
  1.700E+06 1.700E+06 2.564E+00 4.139E+00 5.952E+00 6.389E-01 1.073E+01 1.329E+01 2.832E+05 15.1475 1.00000
  2.000E+06 2.000E+06 2.580E+00 4.914E+00 7.053E+00 7.604E-01 1.273E+01 1.531E+01 3.043E+05 15.4725 1.00000
  2.500E+06 2.500E+06 2.603E+00 6.215E+00 8.894E+00 9.666E-01 1.608E+01 1.868E+01 3.340E+05 15.9188 1.00000
  3.000E+06 3.000E+06 2.622E+00 7.523E+00 1.074E+01 1.177E+00 1.944E+01 2.206E+01 3.587E+05 16.2834 1.00000
  3.500E+06 3.500E+06 2.638E+00 8.837E+00 1.259E+01 1.391E+00 2.282E+01 2.546E+01 3.799E+05 16.5917 1.00000
  4.000E+06 4.000E+06 2.652E+00 1.015E+01 1.444E+01 1.608E+00 2.621E+01 2.886E+01 3.983E+05 16.8587 1.00000
  4.500E+06 4.500E+06 2.664E+00 1.148E+01 1.630E+01 1.828E+00 2.960E+01 3.227E+01 4.147E+05 17.0943 1.00000
  5.000E+06 5.000E+06 2.676E+00 1.280E+01 1.816E+01 2.051E+00 3.301E+01 3.568E+01 4.295E+05 17.3050 1.00000
  5.500E+06 5.500E+06 2.686E+00 1.413E+01 2.002E+01 2.276E+00 3.642E+01 3.911E+01 4.429E+05 17.4956 1.00000
  6.000E+06 6.000E+06 2.695E+00 1.545E+01 2.188E+01 2.503E+00 3.984E+01 4.253E+01 4.552E+05 17.6696 1.00000
  7.000E+06 7.000E+06 2.711E+00 1.812E+01 2.560E+01 2.963E+00 4.668E+01 4.939E+01 4.770E+05 17.9779 1.00000
  8.000E+06 8.000E+06 2.726E+00 2.078E+01 2.933E+01 3.430E+00 5.354E+01 5.627E+01 4.961E+05 18.2450 1.00000
  9.000E+06 9.000E+06 2.739E+00 2.345E+01 3.306E+01 3.904E+00 6.042E+01 6.316E+01 5.129E+05 18.4806 1.00000
  1.000E+07 1.000E+07 2.750E+00 2.613E+01 3.679E+01 4.383E+00 6.730E+01 7.005E+01 5.279E+05 18.6913 1.00000
  1.200E+07 1.200E+07 2.770E+00 3.148E+01 4.426E+01 5.358E+00 8.111E+01 8.388E+01 5.541E+05 19.0559 1.00000
  1.400E+07 1.400E+07 2.787E+00 3.685E+01 5.174E+01 6.351E+00 9.494E+01 9.773E+01 5.763E+05 19.3642 1.00000
  1.700E+07 1.700E+07 2.809E+00 4.491E+01 6.296E+01 7.869E+00 1.157E+02 1.185E+02 6.043E+05 19.7525 1.00000
  2.000E+07 2.000E+07 2.827E+00 5.298E+01 7.418E+01 9.418E+00 1.366E+02 1.394E+02 6.277E+05 20.0776 1.00000
  2.500E+07 2.500E+07 2.852E+00 6.644E+01 9.290E+01 1.206E+01 1.714E+02 1.742E+02 6.600E+05 20.5238 1.00000
  3.000E+07 3.000E+07 2.873E+00 7.992E+01 1.116E+02 1.476E+01 2.063E+02 2.092E+02 6.863E+05 20.8885 1.00000
  3.500E+07 3.500E+07 2.891E+00 9.341E+01 1.303E+02 1.751E+01 2.413E+02 2.442E+02 7.085E+05 21.1968 1.00000
  4.000E+07 4.000E+07 2.907E+00 1.069E+02 1.491E+02 2.030E+01 2.763E+02 2.792E+02 7.276E+05 21.4639 1.00000
  4.500E+07 4.500E+07 2.920E+00 1.204E+02 1.678E+02 2.314E+01 3.114E+02 3.143E+02 7.446E+05 21.6994 1.00000
  5.000E+07 5.000E+07 2.933E+00 1.339E+02 1.866E+02 2.602E+01 3.465E+02 3.494E+02 7.597E+05 21.9101 1.00000
  5.500E+07 5.500E+07 2.944E+00 1.474E+02 2.053E+02 2.892E+01 3.816E+02 3.846E+02 7.733E+05 22.1008 1.00000
  6.000E+07 6.000E+07 2.954E+00 1.609E+02 2.240E+02 3.186E+01 4.168E+02 4.198E+02 7.858E+05 22.2748 1.00000
  7.000E+07 7.000E+07 2.973E+00 1.880E+02 2.615E+02 3.783E+01 4.873E+02 4.903E+02 8.079E+05 22.5831 1.00000
  8.000E+07 8.000E+07 2.989E+00 2.150E+02 2.990E+02 4.389E+01 5.579E+02 5.609E+02 8.270E+05 22.8501 1.00000
  9.000E+07 9.000E+07 3.003E+00 2.420E+02 3.365E+02 5.004E+01 6.286E+02 6.316E+02 8.438E+05 23.0857 1.00000
  1.000E+08 1.000E+08 3.016E+00 2.691E+02 3.740E+02 5.627E+01 6.994E+02 7.024E+02 8.589E+05 23.2964 1.00000
  1.200E+08 1.200E+08 3.038E+00 3.232E+02 4.490E+02 6.896E+01 8.411E+02 8.442E+02 8.850E+05 23.6611 1.00000
  1.400E+08 1.400E+08 3.057E+00 3.773E+02 5.240E+02 8.189E+01 9.832E+02 9.863E+02 9.069E+05 23.9694 1.00000
  1.700E+08 1.700E+08 3.081E+00 4.585E+02 6.365E+02 1.017E+02 1.197E+03 1.200E+03 9.346E+05 24.3577 1.00000
  2.000E+08 2.000E+08 3.101E+00 5.397E+02 7.490E+02 1.219E+02 1.411E+03 1.414E+03 9.578E+05 24.6827 1.00000
  2.500E+08 2.500E+08 3.129E+00 6.751E+02 9.365E+02 1.565E+02 1.768E+03 1.771E+03 9.896E+05 25.1290 1.00000
  3.000E+08 3.000E+08 3.153E+00 8.105E+02 1.124E+03 1.918E+02 2.126E+03 2.129E+03 1.015E+06 25.4937 1.00000
  3.500E+08 3.500E+08 3.173E+00 9.459E+02 1.311E+03 2.279E+02 2.485E+03 2.488E+03 1.037E+06 25.8020 1.00000
  4.000E+08 4.000E+08 3.190E+00 1.081E+03 1.499E+03 2.647E+02 2.845E+03 2.848E+03 1.056E+06 26.0690 1.00000
  4.500E+08 4.500E+08 3.205E+00 1.217E+03 1.687E+03 3.019E+02 3.205E+03 3.208E+03 1.073E+06 26.3046 1.00000
  5.000E+08 5.000E+08 3.219E+00 1.352E+03 1.874E+03 3.397E+02 3.566E+03 3.569E+03 1.087E+06 26.5153 1.00000
  5.500E+08 5.500E+08 3.232E+00 1.488E+03 2.062E+03 3.780E+02 3.927E+03 3.930E+03 1.101E+06 26.7059 1.00000
  6.000E+08 6.000E+08 3.243E+00 1.623E+03 2.249E+03 4.167E+02 4.289E+03 4.292E+03 1.113E+06 26.8799 1.00000
  7.000E+08 7.000E+08 3.264E+00 1.894E+03 2.624E+03 4.953E+02 5.013E+03 5.016E+03 1.135E+06 27.1882 1.00000
  8.000E+08 8.000E+08 3.282E+00 2.165E+03 2.999E+03 5.752E+02 5.739E+03 5.742E+03 1.153E+06 27.4553 1.00000
  9.000E+08 9.000E+08 3.297E+00 2.436E+03 3.374E+03 6.564E+02 6.466E+03 6.469E+03 1.170E+06 27.6908 1.00000
  1.000E+09 1.000E+09 3.312E+00 2.706E+03 3.749E+03 7.387E+02 7.194E+03 7.197E+03 1.184E+06 27.9015 1.00000
  1.200E+09 1.200E+09 3.337E+00 3.248E+03 4.499E+03 9.064E+02 8.653E+03 8.657E+03 1.210E+06 28.2661 1.00000
  1.400E+09 1.400E+09 3.358E+00 3.790E+03 5.249E+03 1.078E+03 1.012E+04 1.012E+04 1.231E+06 28.5740 1.00000
  1.700E+09 1.700E+09 3.385E+00 4.602E+03 6.374E+03 1.340E+03 1.232E+04 1.232E+04 1.258E+06 28.9624 1.00000
  2.000E+09 2.000E+09 3.408E+00 5.415E+03 7.499E+03 1.609E+03 1.452E+04 1.453E+04 1.281E+06 29.2859 1.00000
  2.500E+09 2.500E+09 3.439E+00 6.769E+03 9.373E+03 2.067E+03 1.821E+04 1.821E+04 1.312E+06 29.7321 1.00000
  3.000E+09 3.000E+09 3.466E+00 8.124E+03 1.125E+04 2.537E+03 2.191E+04 2.191E+04 1.337E+06 30.0903 1.00000
  3.500E+09 3.500E+09 3.488E+00 9.478E+03 1.312E+04 3.018E+03 2.562E+04 2.562E+04 1.358E+06 30.3986 1.00000
  4.000E+09 4.000E+09 3.507E+00 1.083E+04 1.500E+04 3.507E+03 2.934E+04 2.934E+04 1.376E+06 30.6657 1.00000
  4.500E+09 4.500E+09 3.526E+00 1.219E+04 1.687E+04 4.005E+03 3.306E+04 3.307E+04 1.392E+06 30.8721 1.00000
  5.000E+09 5.000E+09 3.542E+00 1.354E+04 1.875E+04 4.509E+03 3.680E+04 3.680E+04 1.407E+06 31.0828 1.00000
  5.500E+09 5.500E+09 3.556E+00 1.490E+04 2.062E+04 5.020E+03 4.054E+04 4.054E+04 1.420E+06 31.2734 1.00000
  6.000E+09 6.000E+09 3.569E+00 1.625E+04 2.249E+04 5.537E+03 4.428E+04 4.428E+04 1.431E+06 31.4474 1.00000
  7.000E+09 7.000E+09 3.592E+00 1.896E+04 2.624E+04 6.588E+03 5.179E+04 5.179E+04 1.452E+06 31.7557 1.00000
  8.000E+09 8.000E+09 3.623E+00 2.167E+04 2.999E+04 7.659E+03 5.932E+04 5.932E+04 1.470E+06 31.8673 1.00000
  9.000E+09 9.000E+09 3.641E+00 2.438E+04 3.374E+04 8.747E+03 6.686E+04 6.686E+04 1.486E+06 32.1029 1.00000
  1.000E+10 1.000E+10 3.657E+00 2.708E+04 3.749E+04 9.851E+03 7.442E+04 7.442E+04 1.501E+06 32.3136 1.00000
  1.200E+10 1.200E+10 3.685E+00 3.250E+04 4.498E+04 1.210E+04 8.958E+04 8.959E+04 1.525E+06 32.6783 1.00000
  1.400E+10 1.400E+10 3.708E+00 3.792E+04 5.248E+04 1.440E+04 1.048E+05 1.048E+05 1.546E+06 32.9866 1.00000
  1.700E+10 1.700E+10 3.739E+00 4.605E+04 6.372E+04 1.793E+04 1.277E+05 1.277E+05 1.572E+06 33.3749 1.00000
  2.000E+10 2.000E+10 3.764E+00 5.417E+04 7.496E+04 2.155E+04 1.507E+05 1.507E+05 1.594E+06 33.6999 1.00000
  2.500E+10 2.500E+10 3.799E+00 6.772E+04 9.369E+04 2.774E+04 1.891E+05 1.892E+05 1.623E+06 34.1462 1.00000
  3.000E+10 3.000E+10 3.828E+00 8.126E+04 1.124E+05 3.409E+04 2.278E+05 2.278E+05 1.648E+06 34.5108 1.00000
  3.500E+10 3.500E+10 3.853E+00 9.480E+04 1.312E+05 4.059E+04 2.666E+05 2.666E+05 1.668E+06 34.8191 1.00000
  4.000E+10 4.000E+10 3.875E+00 1.083E+05 1.499E+05 4.722E+04 3.055E+05 3.055E+05 1.686E+06 35.0862 1.00000
  4.500E+10 4.500E+10 3.894E+00 1.219E+05 1.686E+05 5.396E+04 3.445E+05 3.445E+05 1.701E+06 35.3218 1.00000
  5.000E+10 5.000E+10 3.911E+00 1.354E+05 1.873E+05 6.081E+04 3.836E+05 3.836E+05 1.715E+06 35.5325 1.00000
  5.500E+10 5.500E+10 3.927E+00 1.490E+05 2.061E+05 6.775E+04 4.228E+05 4.228E+05 1.727E+06 35.7231 1.00000
  6.000E+10 6.000E+10 3.941E+00 1.625E+05 2.248E+05 7.477E+04 4.621E+05 4.621E+05 1.739E+06 35.8971 1.00000
  7.000E+10 7.000E+10 3.967E+00 1.896E+05 2.623E+05 8.906E+04 5.409E+05 5.409E+05 1.759E+06 36.2054 1.00000
  8.000E+10 8.000E+10 3.989E+00 2.167E+05 2.997E+05 1.036E+05 6.200E+05 6.200E+05 1.776E+06 36.4725 1.00000
  9.000E+10 9.000E+10 4.009E+00 2.438E+05 3.372E+05 1.185E+05 6.994E+05 6.994E+05 1.791E+06 36.7081 1.00000
  1.000E+11 1.000E+11 4.027E+00 2.709E+05 3.746E+05 1.335E+05 7.790E+05 7.790E+05 1.805E+06 36.9188 1.00000
  1.200E+11 1.200E+11 4.058E+00 3.250E+05 4.495E+05 1.643E+05 9.388E+05 9.388E+05 1.828E+06 37.2834 1.00000
  1.400E+11 1.400E+11 4.085E+00 3.792E+05 5.244E+05 1.957E+05 1.099E+06 1.099E+06 1.848E+06 37.5917 1.00000
  1.700E+11 1.700E+11 4.118E+00 4.605E+05 6.367E+05 2.441E+05 1.341E+06 1.341E+06 1.873E+06 37.9800 1.00000
  2.000E+11 2.000E+11 4.147E+00 5.417E+05 7.490E+05 2.937E+05 1.584E+06 1.584E+06 1.893E+06 38.3051 1.00000
  2.500E+11 2.500E+11 4.186E+00 6.772E+05 9.362E+05 3.786E+05 1.992E+06 1.992E+06 1.922E+06 38.7514 1.00000
  3.000E+11 3.000E+11 4.219E+00 8.126E+05 1.123E+06 4.661E+05 2.402E+06 2.402E+06 1.945E+06 39.1160 1.00000
  3.500E+11 3.500E+11 4.246E+00 9.481E+05 1.310E+06 5.556E+05 2.814E+06 2.814E+06 1.964E+06 39.4243 1.00000
  4.000E+11 4.000E+11 4.271E+00 1.083E+06 1.498E+06 6.471E+05 3.228E+06 3.228E+06 1.981E+06 39.6914 1.00000
  4.500E+11 4.500E+11 4.292E+00 1.219E+06 1.685E+06 7.401E+05 3.644E+06 3.644E+06 1.995E+06 39.9269 1.00000
  5.000E+11 5.000E+11 4.311E+00 1.354E+06 1.872E+06 8.347E+05 4.061E+06 4.061E+06 2.008E+06 40.1377 1.00000
  5.500E+11 5.500E+11 4.329E+00 1.490E+06 2.059E+06 9.307E+05 4.479E+06 4.479E+06 2.020E+06 40.3283 1.00000
  6.000E+11 6.000E+11 4.345E+00 1.625E+06 2.246E+06 1.028E+06 4.899E+06 4.899E+06 2.031E+06 40.5023 1.00000
  7.000E+11 7.000E+11 4.373E+00 1.896E+06 2.620E+06 1.226E+06 5.742E+06 5.742E+06 2.050E+06 40.8106 1.00000
  8.000E+11 8.000E+11 4.398E+00 2.167E+06 2.994E+06 1.428E+06 6.589E+06 6.589E+06 2.066E+06 41.0777 1.00000
  9.000E+11 9.000E+11 4.421E+00 2.438E+06 3.368E+06 1.634E+06 7.440E+06 7.440E+06 2.080E+06 41.3132 1.00000
  1.000E+12 1.000E+12 4.440E+00 2.709E+06 3.742E+06 1.844E+06 8.295E+06 8.295E+06 2.093E+06 41.5240 1.00000
