 Incident particle is a Muon with M = 105.65839 MeV
 Index = 5: MagnesiumOxide
      Absorber with <Z/A> = 0.49622
 Density effect computed following Fano (1963)
 Models for Radloss: brems =  KKP, pair =  KKP, photonuc = DRSS

 *** Table generated with PUMAS v1.10 ***

      T         p     Ionization  brems     pair     photonuc  Radloss    dE/dx   CSDA Range  delta   beta
    [MeV]    [MeV/c]  -----------------------[MeV cm^2/g]------------------------  [g/cm^2]
  1.000E+00 1.457E+01 3.987E+01 0.000E+00 0.000E+00 0.000E+00 0.000E+00 3.987E+01 1.254E-02  0.0000 0.13661
  1.200E+00 1.597E+01 3.454E+01 0.000E+00 0.000E+00 0.000E+00 0.000E+00 3.454E+01 1.795E-02  0.0000 0.14944
  1.400E+00 1.726E+01 3.058E+01 0.000E+00 0.000E+00 0.000E+00 0.000E+00 3.058E+01 2.411E-02  0.0000 0.16119
  1.700E+00 1.903E+01 2.621E+01 0.000E+00 0.000E+00 0.000E+00 0.000E+00 2.621E+01 3.474E-02  0.0000 0.17725
  2.000E+00 2.066E+01 2.303E+01 0.000E+00 0.000E+00 0.000E+00 0.000E+00 2.303E+01 4.698E-02  0.0000 0.19186
  2.500E+00 2.312E+01 1.927E+01 0.000E+00 0.000E+00 0.000E+00 0.000E+00 1.927E+01 7.080E-02  0.0000 0.21376
  3.000E+00 2.536E+01 1.666E+01 0.000E+00 0.000E+00 0.000E+00 0.000E+00 1.666E+01 9.878E-02  0.0000 0.23336
  3.500E+00 2.742E+01 1.474E+01 0.000E+00 0.000E+00 0.000E+00 0.000E+00 1.474E+01 1.307E-01  0.0000 0.25120
  4.000E+00 2.935E+01 1.325E+01 0.000E+00 0.000E+00 0.000E+00 0.000E+00 1.325E+01 1.666E-01  0.0000 0.26763
  4.500E+00 3.116E+01 1.207E+01 0.000E+00 0.000E+00 0.000E+00 0.000E+00 1.207E+01 2.061E-01  0.0000 0.28290
  5.000E+00 3.289E+01 1.111E+01 0.000E+00 0.000E+00 0.000E+00 0.000E+00 1.111E+01 2.493E-01  0.0000 0.29720
  5.500E+00 3.453E+01 1.031E+01 0.000E+00 0.000E+00 0.000E+00 0.000E+00 1.031E+01 2.961E-01  0.0000 0.31066
  6.000E+00 3.611E+01 9.633E+00 0.000E+00 0.000E+00 0.000E+00 0.000E+00 9.633E+00 3.463E-01  0.0000 0.32339
  7.000E+00 3.909E+01 8.548E+00 0.000E+00 0.000E+00 0.000E+00 0.000E+00 8.548E+00 4.567E-01  0.0000 0.34700
  8.000E+00 4.189E+01 7.716E+00 0.000E+00 0.000E+00 0.000E+00 0.000E+00 7.716E+00 5.800E-01  0.0000 0.36854
  9.000E+00 4.453E+01 7.056E+00 0.000E+00 0.000E+00 0.000E+00 0.000E+00 7.056E+00 7.156E-01  0.0000 0.38836
  1.000E+01 4.704E+01 6.521E+00 0.000E+00 0.000E+00 0.000E+00 0.000E+00 6.521E+00 8.632E-01  0.0000 0.40675
  1.200E+01 5.177E+01 5.701E+00 0.000E+00 0.000E+00 0.000E+00 0.000E+00 5.701E+00 1.192E+00  0.0000 0.43998
  1.400E+01 5.616E+01 5.104E+00 0.000E+00 0.000E+00 0.000E+00 0.000E+00 5.104E+00 1.563E+00  0.0000 0.46937
  1.700E+01 6.230E+01 4.459E+00 0.000E+00 0.000E+00 0.000E+00 0.000E+00 4.459E+00 2.194E+00  0.0000 0.50792
  2.000E+01 6.802E+01 3.999E+00 0.000E+00 0.000E+00 0.000E+00 0.000E+00 3.999E+00 2.905E+00  0.0004 0.54129
  2.500E+01 7.686E+01 3.469E+00 0.000E+00 0.000E+00 0.000E+00 0.000E+00 3.469E+00 4.251E+00  0.0019 0.58827
  3.000E+01 8.509E+01 3.112E+00 0.000E+00 0.000E+00 0.000E+00 0.000E+00 3.112E+00 5.775E+00  0.0045 0.62720
  3.500E+01 9.285E+01 2.855E+00 0.000E+00 0.000E+00 0.000E+00 0.000E+00 2.855E+00 7.454E+00  0.0080 0.66011
  4.000E+01 1.003E+02 2.662E+00 0.000E+00 0.000E+00 0.000E+00 0.000E+00 2.662E+00 9.269E+00  0.0123 0.68834
  4.500E+01 1.074E+02 2.512E+00 0.000E+00 0.000E+00 0.000E+00 0.000E+00 2.512E+00 1.120E+01  0.0172 0.71286
  5.000E+01 1.143E+02 2.393E+00 0.000E+00 0.000E+00 0.000E+00 0.000E+00 2.393E+00 1.324E+01  0.0227 0.73434
  5.500E+01 1.210E+02 2.296E+00 0.000E+00 0.000E+00 0.000E+00 0.000E+00 2.296E+00 1.538E+01  0.0287 0.75332
  6.000E+01 1.276E+02 2.216E+00 0.000E+00 0.000E+00 0.000E+00 0.000E+00 2.216E+00 1.759E+01  0.0353 0.77019
  7.000E+01 1.403E+02 2.093E+00 0.000E+00 0.000E+00 0.000E+00 0.000E+00 2.093E+00 2.224E+01  0.0495 0.79887
  8.000E+01 1.527E+02 2.003E+00 0.000E+00 0.000E+00 0.000E+00 0.000E+00 2.003E+00 2.712E+01  0.0650 0.82227
  9.000E+01 1.647E+02 1.936E+00 0.000E+00 0.000E+00 0.000E+00 0.000E+00 1.936E+00 3.220E+01  0.0817 0.84166
  1.000E+02 1.764E+02 1.884E+00 0.000E+00 0.000E+00 0.000E+00 0.000E+00 1.884E+00 3.744E+01  0.0992 0.85794
  1.200E+02 1.994E+02 1.811E+00 0.000E+00 0.000E+00 0.000E+00 0.000E+00 1.811E+00 4.827E+01  0.1365 0.88361
  1.400E+02 2.218E+02 1.765E+00 0.000E+00 0.000E+00 0.000E+00 0.000E+00 1.765E+00 5.945E+01  0.1759 0.90278
  1.700E+02 2.546E+02 1.723E+00 4.046E-06 2.006E-14 0.000E+00 4.046E-06 1.723E+00 7.666E+01  0.2382 0.92363
  2.000E+02 2.868E+02 1.700E+00 1.423E-05 1.416E-11 0.000E+00 1.423E-05 1.700E+00 9.419E+01  0.3029 0.93835
  2.500E+02 3.396E+02 1.684E+00 4.067E-05 1.142E-07 0.000E+00 4.079E-05 1.684E+00 1.237E+02  0.4140 0.95485
  3.000E+02 3.917E+02 1.681E+00 6.136E-05 1.049E-06 0.000E+00 6.241E-05 1.681E+00 1.535E+02  0.5265 0.96548
  3.500E+02 4.432E+02 1.684E+00 7.995E-05 2.911E-06 0.000E+00 8.286E-05 1.684E+00 1.832E+02  0.6380 0.97274
  4.000E+02 4.945E+02 1.691E+00 9.918E-05 5.663E-06 0.000E+00 1.048E-04 1.691E+00 2.128E+02  0.7471 0.97793
  4.500E+02 5.455E+02 1.699E+00 1.175E-04 9.268E-06 0.000E+00 1.268E-04 1.699E+00 2.423E+02  0.8530 0.98176
  5.000E+02 5.964E+02 1.708E+00 1.368E-04 1.370E-05 0.000E+00 1.505E-04 1.708E+00 2.717E+02  0.9550 0.98467
  5.500E+02 6.471E+02 1.717E+00 1.561E-04 1.893E-05 0.000E+00 1.751E-04 1.717E+00 3.009E+02  1.0531 0.98693
  6.000E+02 6.977E+02 1.726E+00 1.752E-04 2.492E-05 0.000E+00 2.001E-04 1.726E+00 3.299E+02  1.1472 0.98873
  7.000E+02 7.987E+02 1.744E+00 2.170E-04 3.911E-05 0.000E+00 2.561E-04 1.744E+00 3.875E+02  1.3240 0.99136
  8.000E+02 8.995E+02 1.761E+00 2.595E-04 5.608E-05 0.000E+00 3.156E-04 1.761E+00 4.446E+02  1.4865 0.99317
  9.000E+02 1.000E+03 1.777E+00 3.030E-04 7.565E-05 0.000E+00 3.787E-04 1.777E+00 5.011E+02  1.6365 0.99447
  1.000E+03 1.101E+03 1.792E+00 3.491E-04 9.767E-05 0.000E+00 4.468E-04 1.792E+00 5.571E+02  1.7754 0.99542
  1.200E+03 1.301E+03 1.818E+00 4.438E-04 1.485E-04 0.000E+00 5.922E-04 1.819E+00 6.679E+02  2.0252 0.99672
  1.400E+03 1.502E+03 1.842E+00 5.429E-04 2.075E-04 9.149E-06 7.595E-04 1.842E+00 7.771E+02  2.2447 0.99753
  1.700E+03 1.803E+03 1.872E+00 6.997E-04 3.098E-04 1.019E-04 1.111E-03 1.873E+00 9.387E+02  2.5307 0.99829
  2.000E+03 2.103E+03 1.897E+00 8.665E-04 4.267E-04 1.950E-04 1.488E-03 1.898E+00 1.098E+03  2.7776 0.99874
  2.500E+03 2.604E+03 1.932E+00 1.158E-03 6.497E-04 3.741E-04 2.182E-03 1.934E+00 1.359E+03  3.1268 0.99918
  3.000E+03 3.104E+03 1.961E+00 1.462E-03 9.029E-04 5.499E-04 2.915E-03 1.964E+00 1.615E+03  3.4206 0.99942
  3.500E+03 3.604E+03 1.985E+00 1.783E-03 1.182E-03 7.368E-04 3.701E-03 1.989E+00 1.868E+03  3.6749 0.99957
  4.000E+03 4.104E+03 2.005E+00 2.120E-03 1.498E-03 9.244E-04 4.543E-03 2.010E+00 2.118E+03  3.8994 0.99967
  4.500E+03 4.604E+03 2.023E+00 2.462E-03 1.840E-03 1.119E-03 5.421E-03 2.029E+00 2.366E+03  4.1008 0.99974
  5.000E+03 5.105E+03 2.039E+00 2.814E-03 2.202E-03 1.324E-03 6.340E-03 2.046E+00 2.611E+03  4.2835 0.99979
  5.500E+03 5.605E+03 2.053E+00 3.173E-03 2.583E-03 1.526E-03 7.282E-03 2.061E+00 2.855E+03  4.4508 0.99982
  6.000E+03 6.105E+03 2.066E+00 3.541E-03 2.980E-03 1.715E-03 8.236E-03 2.074E+00 3.097E+03  4.6053 0.99985
  7.000E+03 7.105E+03 2.089E+00 4.301E-03 3.819E-03 2.115E-03 1.024E-02 2.099E+00 3.576E+03  4.8827 0.99989
  8.000E+03 8.105E+03 2.108E+00 5.083E-03 4.712E-03 2.533E-03 1.233E-02 2.120E+00 4.050E+03  5.1268 0.99992
  9.000E+03 9.105E+03 2.124E+00 5.901E-03 5.652E-03 2.910E-03 1.446E-02 2.138E+00 4.520E+03  5.3448 0.99993
  1.000E+04 1.011E+04 2.138E+00 6.727E-03 6.634E-03 3.297E-03 1.666E-02 2.155E+00 4.986E+03  5.5419 0.99995
  1.200E+04 1.211E+04 2.163E+00 8.429E-03 8.708E-03 4.083E-03 2.122E-02 2.184E+00 5.908E+03  5.8868 0.99996
  1.400E+04 1.411E+04 2.183E+00 1.019E-02 1.091E-02 4.870E-03 2.597E-02 2.209E+00 6.818E+03  6.1820 0.99997
  1.700E+04 1.711E+04 2.207E+00 1.293E-02 1.440E-02 6.059E-03 3.339E-02 2.241E+00 8.167E+03  6.5575 0.99998
  2.000E+04 2.011E+04 2.228E+00 1.575E-02 1.809E-02 7.209E-03 4.106E-02 2.269E+00 9.497E+03  6.8745 0.99999
  2.500E+04 2.511E+04 2.254E+00 2.064E-02 2.460E-02 9.100E-03 5.434E-02 2.309E+00 1.168E+04  7.3125 0.99999
  3.000E+04 3.011E+04 2.276E+00 2.570E-02 3.146E-02 1.096E-02 6.812E-02 2.344E+00 1.383E+04  7.6723 0.99999
  3.500E+04 3.511E+04 2.293E+00 3.091E-02 3.862E-02 1.284E-02 8.236E-02 2.376E+00 1.595E+04  7.9775 1.00000
  4.000E+04 4.011E+04 2.308E+00 3.624E-02 4.601E-02 1.470E-02 9.695E-02 2.405E+00 1.804E+04  8.2424 1.00000
  4.500E+04 4.511E+04 2.322E+00 4.170E-02 5.361E-02 1.654E-02 1.118E-01 2.433E+00 2.011E+04  8.4764 1.00000
  5.000E+04 5.011E+04 2.333E+00 4.723E-02 6.139E-02 1.837E-02 1.270E-01 2.460E+00 2.215E+04  8.6860 1.00000
  5.500E+04 5.511E+04 2.344E+00 5.285E-02 6.932E-02 2.023E-02 1.424E-01 2.486E+00 2.417E+04  8.8757 1.00000
  6.000E+04 6.011E+04 2.353E+00 5.854E-02 7.739E-02 2.206E-02 1.580E-01 2.511E+00 2.618E+04  9.0490 1.00000
  7.000E+04 7.011E+04 2.369E+00 7.011E-02 9.390E-02 2.571E-02 1.897E-01 2.559E+00 3.012E+04  9.3563 1.00000
  8.000E+04 8.011E+04 2.384E+00 8.191E-02 1.108E-01 2.937E-02 2.221E-01 2.606E+00 3.399E+04  9.6226 1.00000
  9.000E+04 9.011E+04 2.396E+00 9.390E-02 1.281E-01 3.304E-02 2.550E-01 2.651E+00 3.780E+04  9.8576 1.00000
  1.000E+05 1.001E+05 2.407E+00 1.061E-01 1.456E-01 3.665E-02 2.883E-01 2.695E+00 4.154E+04 10.0679 1.00000
  1.200E+05 1.201E+05 2.426E+00 1.308E-01 1.814E-01 4.398E-02 3.562E-01 2.782E+00 4.884E+04 10.4320 1.00000
  1.400E+05 1.401E+05 2.442E+00 1.561E-01 2.180E-01 5.132E-02 4.255E-01 2.867E+00 5.593E+04 10.7399 1.00000
  1.700E+05 1.701E+05 2.462E+00 1.947E-01 2.741E-01 6.236E-02 5.312E-01 2.993E+00 6.617E+04 11.1278 1.00000
  2.000E+05 2.001E+05 2.478E+00 2.341E-01 3.313E-01 7.347E-02 6.388E-01 3.117E+00 7.599E+04 11.4526 1.00000
  2.500E+05 2.501E+05 2.501E+00 3.009E-01 4.283E-01 9.208E-02 8.213E-01 3.322E+00 9.154E+04 11.8986 1.00000
  3.000E+05 3.001E+05 2.519E+00 3.690E-01 5.271E-01 1.108E-01 1.007E+00 3.526E+00 1.062E+05 12.2631 1.00000
  3.500E+05 3.501E+05 2.535E+00 4.381E-01 6.271E-01 1.298E-01 1.195E+00 3.730E+00 1.199E+05 12.5713 1.00000
  4.000E+05 4.001E+05 2.549E+00 5.080E-01 7.282E-01 1.490E-01 1.385E+00 3.934E+00 1.330E+05 12.8382 1.00000
  4.500E+05 4.501E+05 2.561E+00 5.786E-01 8.301E-01 1.682E-01 1.577E+00 4.137E+00 1.454E+05 13.0737 1.00000
  5.000E+05 5.001E+05 2.571E+00 6.497E-01 9.326E-01 1.876E-01 1.770E+00 4.341E+00 1.572E+05 13.2844 1.00000
  5.500E+05 5.501E+05 2.581E+00 7.214E-01 1.036E+00 2.069E-01 1.964E+00 4.545E+00 1.685E+05 13.4750 1.00000
  6.000E+05 6.001E+05 2.590E+00 7.935E-01 1.139E+00 2.263E-01 2.159E+00 4.749E+00 1.792E+05 13.6490 1.00000
  7.000E+05 7.001E+05 2.606E+00 9.389E-01 1.348E+00 2.655E-01 2.552E+00 5.158E+00 1.994E+05 13.9572 1.00000
  8.000E+05 8.001E+05 2.620E+00 1.086E+00 1.557E+00 3.052E-01 2.948E+00 5.568E+00 2.181E+05 14.2242 1.00000
  9.000E+05 9.001E+05 2.632E+00 1.233E+00 1.768E+00 3.453E-01 3.347E+00 5.978E+00 2.355E+05 14.4598 1.00000
  1.000E+06 1.000E+06 2.643E+00 1.382E+00 1.980E+00 3.857E-01 3.747E+00 6.390E+00 2.517E+05 14.6705 1.00000
  1.200E+06 1.200E+06 2.662E+00 1.681E+00 2.405E+00 4.676E-01 4.554E+00 7.216E+00 2.812E+05 15.0351 1.00000
  1.400E+06 1.400E+06 2.678E+00 1.983E+00 2.833E+00 5.508E-01 5.367E+00 8.044E+00 3.075E+05 15.3433 1.00000
  1.700E+06 1.700E+06 2.698E+00 2.439E+00 3.477E+00 6.776E-01 6.594E+00 9.292E+00 3.422E+05 15.7316 1.00000
  2.000E+06 2.000E+06 2.716E+00 2.898E+00 4.124E+00 8.065E-01 7.829E+00 1.054E+01 3.726E+05 16.0566 1.00000
  2.500E+06 2.500E+06 2.739E+00 3.669E+00 5.207E+00 1.026E+00 9.901E+00 1.264E+01 4.161E+05 16.5029 1.00000
  3.000E+06 3.000E+06 2.759E+00 4.445E+00 6.293E+00 1.249E+00 1.199E+01 1.475E+01 4.528E+05 16.8675 1.00000
  3.500E+06 3.500E+06 2.776E+00 5.224E+00 7.382E+00 1.476E+00 1.408E+01 1.686E+01 4.846E+05 17.1758 1.00000
  4.000E+06 4.000E+06 2.790E+00 6.006E+00 8.473E+00 1.707E+00 1.619E+01 1.898E+01 5.126E+05 17.4429 1.00000
  4.500E+06 4.500E+06 2.803E+00 6.791E+00 9.566E+00 1.941E+00 1.830E+01 2.110E+01 5.376E+05 17.6784 1.00000
  5.000E+06 5.000E+06 2.815E+00 7.578E+00 1.066E+01 2.177E+00 2.042E+01 2.323E+01 5.602E+05 17.8892 1.00000
  5.500E+06 5.500E+06 2.825E+00 8.366E+00 1.176E+01 2.416E+00 2.254E+01 2.536E+01 5.809E+05 18.0798 1.00000
  6.000E+06 6.000E+06 2.835E+00 9.156E+00 1.285E+01 2.657E+00 2.466E+01 2.750E+01 5.998E+05 18.2538 1.00000
  7.000E+06 7.000E+06 2.852E+00 1.074E+01 1.505E+01 3.146E+00 2.893E+01 3.178E+01 6.337E+05 18.5621 1.00000
  8.000E+06 8.000E+06 2.867E+00 1.232E+01 1.724E+01 3.643E+00 3.321E+01 3.608E+01 6.633E+05 18.8291 1.00000
  9.000E+06 9.000E+06 2.881E+00 1.391E+01 1.944E+01 4.146E+00 3.750E+01 4.038E+01 6.896E+05 19.0647 1.00000
  1.000E+07 1.000E+07 2.893E+00 1.551E+01 2.164E+01 4.656E+00 4.180E+01 4.470E+01 7.131E+05 19.2754 1.00000
  1.200E+07 1.200E+07 2.914E+00 1.870E+01 2.604E+01 5.691E+00 5.043E+01 5.334E+01 7.542E+05 19.6401 1.00000
  1.400E+07 1.400E+07 2.931E+00 2.189E+01 3.045E+01 6.746E+00 5.909E+01 6.202E+01 7.891E+05 19.9484 1.00000
  1.700E+07 1.700E+07 2.954E+00 2.669E+01 3.707E+01 8.359E+00 7.212E+01 7.507E+01 8.333E+05 20.3367 1.00000
  2.000E+07 2.000E+07 2.973E+00 3.150E+01 4.368E+01 1.000E+01 8.519E+01 8.816E+01 8.703E+05 20.6617 1.00000
  2.500E+07 2.500E+07 2.999E+00 3.953E+01 5.472E+01 1.281E+01 1.071E+02 1.101E+02 9.213E+05 21.1080 1.00000
  3.000E+07 3.000E+07 3.021E+00 4.756E+01 6.576E+01 1.568E+01 1.290E+02 1.320E+02 9.630E+05 21.4726 1.00000
  3.500E+07 3.500E+07 3.040E+00 5.561E+01 7.681E+01 1.860E+01 1.510E+02 1.541E+02 9.982E+05 21.7809 1.00000
  4.000E+07 4.000E+07 3.056E+00 6.366E+01 8.786E+01 2.157E+01 1.731E+02 1.761E+02 1.029E+06 22.0480 1.00000
  4.500E+07 4.500E+07 3.070E+00 7.171E+01 9.891E+01 2.459E+01 1.952E+02 1.983E+02 1.055E+06 22.2836 1.00000
  5.000E+07 5.000E+07 3.083E+00 7.976E+01 1.100E+02 2.764E+01 2.174E+02 2.204E+02 1.079E+06 22.4943 1.00000
  5.500E+07 5.500E+07 3.095E+00 8.782E+01 1.210E+02 3.073E+01 2.396E+02 2.427E+02 1.101E+06 22.6849 1.00000
  6.000E+07 6.000E+07 3.105E+00 9.588E+01 1.321E+02 3.386E+01 2.618E+02 2.649E+02 1.121E+06 22.8589 1.00000
  7.000E+07 7.000E+07 3.125E+00 1.120E+02 1.542E+02 4.019E+01 3.064E+02 3.095E+02 1.156E+06 23.1672 1.00000
  8.000E+07 8.000E+07 3.141E+00 1.281E+02 1.763E+02 4.663E+01 3.511E+02 3.542E+02 1.186E+06 23.4343 1.00000
  9.000E+07 9.000E+07 3.156E+00 1.443E+02 1.984E+02 5.317E+01 3.959E+02 3.990E+02 1.213E+06 23.6699 1.00000
  1.000E+08 1.000E+08 3.169E+00 1.604E+02 2.205E+02 5.980E+01 4.408E+02 4.439E+02 1.236E+06 23.8806 1.00000
  1.200E+08 1.200E+08 3.193E+00 1.927E+02 2.648E+02 7.327E+01 5.308E+02 5.340E+02 1.278E+06 24.2452 1.00000
  1.400E+08 1.400E+08 3.212E+00 2.250E+02 3.090E+02 8.702E+01 6.211E+02 6.243E+02 1.312E+06 24.5535 1.00000
  1.700E+08 1.700E+08 3.238E+00 2.735E+02 3.754E+02 1.081E+02 7.569E+02 7.602E+02 1.356E+06 24.9418 1.00000
  2.000E+08 2.000E+08 3.259E+00 3.220E+02 4.417E+02 1.296E+02 8.933E+02 8.965E+02 1.393E+06 25.2669 1.00000
  2.500E+08 2.500E+08 3.288E+00 4.028E+02 5.524E+02 1.663E+02 1.121E+03 1.125E+03 1.443E+06 25.7132 1.00000
  3.000E+08 3.000E+08 3.312E+00 4.836E+02 6.630E+02 2.038E+02 1.350E+03 1.354E+03 1.483E+06 26.0778 1.00000
  3.500E+08 3.500E+08 3.333E+00 5.644E+02 7.736E+02 2.422E+02 1.580E+03 1.584E+03 1.518E+06 26.3861 1.00000
  4.000E+08 4.000E+08 3.351E+00 6.453E+02 8.842E+02 2.812E+02 1.811E+03 1.814E+03 1.547E+06 26.6532 1.00000
  4.500E+08 4.500E+08 3.367E+00 7.261E+02 9.949E+02 3.209E+02 2.042E+03 2.045E+03 1.573E+06 26.8887 1.00000
  5.000E+08 5.000E+08 3.382E+00 8.069E+02 1.105E+03 3.610E+02 2.273E+03 2.277E+03 1.597E+06 27.0994 1.00000
  5.500E+08 5.500E+08 3.395E+00 8.878E+02 1.216E+03 4.017E+02 2.506E+03 2.509E+03 1.617E+06 27.2901 1.00000
  6.000E+08 6.000E+08 3.407E+00 9.686E+02 1.327E+03 4.428E+02 2.738E+03 2.742E+03 1.637E+06 27.4641 1.00000
  7.000E+08 7.000E+08 3.428E+00 1.130E+03 1.548E+03 5.263E+02 3.205E+03 3.208E+03 1.670E+06 27.7724 1.00000
  8.000E+08 8.000E+08 3.447E+00 1.292E+03 1.769E+03 6.112E+02 3.672E+03 3.676E+03 1.700E+06 28.0394 1.00000
  9.000E+08 9.000E+08 3.463E+00 1.454E+03 1.990E+03 6.975E+02 4.142E+03 4.145E+03 1.725E+06 28.2749 1.00000
  1.000E+09 1.000E+09 3.478E+00 1.615E+03 2.212E+03 7.850E+02 4.612E+03 4.616E+03 1.748E+06 28.4856 1.00000
  1.200E+09 1.200E+09 3.504E+00 1.939E+03 2.654E+03 9.632E+02 5.556E+03 5.560E+03 1.788E+06 28.8503 1.00000
  1.400E+09 1.400E+09 3.526E+00 2.262E+03 3.097E+03 1.145E+03 6.504E+03 6.508E+03 1.821E+06 29.1582 1.00000
  1.700E+09 1.700E+09 3.554E+00 2.747E+03 3.760E+03 1.424E+03 7.932E+03 7.935E+03 1.863E+06 29.5465 1.00000
  2.000E+09 2.000E+09 3.578E+00 3.233E+03 4.424E+03 1.709E+03 9.366E+03 9.369E+03 1.898E+06 29.8700 1.00000
  2.500E+09 2.500E+09 3.611E+00 4.041E+03 5.530E+03 2.197E+03 1.177E+04 1.177E+04 1.946E+06 30.3163 1.00000
  3.000E+09 3.000E+09 3.639E+00 4.850E+03 6.636E+03 2.696E+03 1.418E+04 1.419E+04 1.985E+06 30.6744 1.00000
  3.500E+09 3.500E+09 3.662E+00 5.658E+03 7.742E+03 3.207E+03 1.661E+04 1.661E+04 2.017E+06 30.9827 1.00000
  4.000E+09 4.000E+09 3.682E+00 6.467E+03 8.848E+03 3.727E+03 1.904E+04 1.905E+04 2.046E+06 31.2498 1.00000
  4.500E+09 4.500E+09 3.702E+00 7.276E+03 9.953E+03 4.256E+03 2.148E+04 2.149E+04 2.070E+06 31.4562 1.00000
  5.000E+09 5.000E+09 3.718E+00 8.084E+03 1.106E+04 4.792E+03 2.394E+04 2.394E+04 2.092E+06 31.6669 1.00000
  5.500E+09 5.500E+09 3.733E+00 8.893E+03 1.217E+04 5.335E+03 2.639E+04 2.640E+04 2.112E+06 31.8576 1.00000
  6.000E+09 6.000E+09 3.746E+00 9.701E+03 1.327E+04 5.884E+03 2.886E+04 2.886E+04 2.131E+06 32.0316 1.00000
  7.000E+09 7.000E+09 3.770E+00 1.132E+04 1.548E+04 7.001E+03 3.380E+04 3.381E+04 2.163E+06 32.3399 1.00000
  8.000E+09 8.000E+09 3.803E+00 1.294E+04 1.769E+04 8.138E+03 3.877E+04 3.877E+04 2.190E+06 32.4515 1.00000
  9.000E+09 9.000E+09 3.821E+00 1.455E+04 1.990E+04 9.295E+03 4.375E+04 4.376E+04 2.215E+06 32.6870 1.00000
  1.000E+10 1.000E+10 3.838E+00 1.617E+04 2.212E+04 1.047E+04 4.875E+04 4.876E+04 2.236E+06 32.8978 1.00000
  1.200E+10 1.200E+10 3.867E+00 1.940E+04 2.654E+04 1.286E+04 5.880E+04 5.881E+04 2.274E+06 33.2624 1.00000
  1.400E+10 1.400E+10 3.892E+00 2.264E+04 3.096E+04 1.530E+04 6.890E+04 6.891E+04 2.305E+06 33.5707 1.00000
  1.700E+10 1.700E+10 3.923E+00 2.749E+04 3.759E+04 1.906E+04 8.414E+04 8.415E+04 2.345E+06 33.9590 1.00000
  2.000E+10 2.000E+10 3.950E+00 3.234E+04 4.422E+04 2.290E+04 9.947E+04 9.947E+04 2.378E+06 34.2841 1.00000
  2.500E+10 2.500E+10 3.987E+00 4.043E+04 5.528E+04 2.948E+04 1.252E+05 1.252E+05 2.423E+06 34.7304 1.00000
  3.000E+10 3.000E+10 4.017E+00 4.851E+04 6.633E+04 3.623E+04 1.511E+05 1.511E+05 2.459E+06 35.0950 1.00000
  3.500E+10 3.500E+10 4.043E+00 5.660E+04 7.738E+04 4.314E+04 1.771E+05 1.771E+05 2.490E+06 35.4033 1.00000
  4.000E+10 4.000E+10 4.065E+00 6.469E+04 8.843E+04 5.018E+04 2.033E+05 2.033E+05 2.517E+06 35.6704 1.00000
  4.500E+10 4.500E+10 4.085E+00 7.277E+04 9.948E+04 5.734E+04 2.296E+05 2.296E+05 2.540E+06 35.9059 1.00000
  5.000E+10 5.000E+10 4.103E+00 8.086E+04 1.105E+05 6.462E+04 2.560E+05 2.560E+05 2.560E+06 36.1166 1.00000
  5.500E+10 5.500E+10 4.120E+00 8.895E+04 1.216E+05 7.199E+04 2.825E+05 2.825E+05 2.579E+06 36.3073 1.00000
  6.000E+10 6.000E+10 4.135E+00 9.703E+04 1.326E+05 7.946E+04 3.091E+05 3.091E+05 2.596E+06 36.4813 1.00000
  7.000E+10 7.000E+10 4.161E+00 1.132E+05 1.547E+05 9.464E+04 3.626E+05 3.626E+05 2.626E+06 36.7896 1.00000
  8.000E+10 8.000E+10 4.185E+00 1.294E+05 1.768E+05 1.101E+05 4.163E+05 4.163E+05 2.652E+06 37.0567 1.00000
  9.000E+10 9.000E+10 4.205E+00 1.455E+05 1.989E+05 1.259E+05 4.704E+05 4.704E+05 2.674E+06 37.2922 1.00000
  1.000E+11 1.000E+11 4.224E+00 1.617E+05 2.210E+05 1.419E+05 5.246E+05 5.246E+05 2.695E+06 37.5029 1.00000
  1.200E+11 1.200E+11 4.256E+00 1.941E+05 2.652E+05 1.745E+05 6.338E+05 6.338E+05 2.729E+06 37.8676 1.00000
  1.400E+11 1.400E+11 4.284E+00 2.264E+05 3.094E+05 2.080E+05 7.438E+05 7.438E+05 2.759E+06 38.1759 1.00000
  1.700E+11 1.700E+11 4.319E+00 2.749E+05 3.756E+05 2.594E+05 9.099E+05 9.100E+05 2.795E+06 38.5642 1.00000
  2.000E+11 2.000E+11 4.349E+00 3.234E+05 4.419E+05 3.121E+05 1.077E+06 1.077E+06 2.826E+06 38.8892 1.00000
  2.500E+11 2.500E+11 4.390E+00 4.043E+05 5.523E+05 4.024E+05 1.359E+06 1.359E+06 2.867E+06 39.3355 1.00000
  3.000E+11 3.000E+11 4.424E+00 4.852E+05 6.628E+05 4.953E+05 1.643E+06 1.643E+06 2.901E+06 39.7002 1.00000
  3.500E+11 3.500E+11 4.453E+00 5.660E+05 7.732E+05 5.904E+05 1.930E+06 1.930E+06 2.929E+06 40.0085 1.00000
  4.000E+11 4.000E+11 4.478E+00 6.469E+05 8.836E+05 6.876E+05 2.218E+06 2.218E+06 2.953E+06 40.2755 1.00000
  4.500E+11 4.500E+11 4.500E+00 7.277E+05 9.940E+05 7.865E+05 2.508E+06 2.508E+06 2.974E+06 40.5111 1.00000
  5.000E+11 5.000E+11 4.520E+00 8.086E+05 1.104E+06 8.870E+05 2.800E+06 2.800E+06 2.993E+06 40.7218 1.00000
  5.500E+11 5.500E+11 4.539E+00 8.895E+05 1.215E+06 9.890E+05 3.093E+06 3.093E+06 3.010E+06 40.9124 1.00000
  6.000E+11 6.000E+11 4.555E+00 9.703E+05 1.325E+06 1.092E+06 3.388E+06 3.388E+06 3.026E+06 41.0865 1.00000
  7.000E+11 7.000E+11 4.585E+00 1.132E+06 1.546E+06 1.303E+06 3.981E+06 3.981E+06 3.053E+06 41.3948 1.00000
  8.000E+11 8.000E+11 4.611E+00 1.294E+06 1.767E+06 1.518E+06 4.578E+06 4.578E+06 3.077E+06 41.6618 1.00000
  9.000E+11 9.000E+11 4.634E+00 1.455E+06 1.987E+06 1.737E+06 5.179E+06 5.179E+06 3.097E+06 41.8974 1.00000
  1.000E+12 1.000E+12 4.655E+00 1.617E+06 2.208E+06 1.959E+06 5.784E+06 5.784E+06 3.116E+06 42.1081 1.00000
