 Incident particle is a Muon with M = 105.65839 MeV
 Index = 8: SodiumMonoxide
      Absorber with <Z/A> = 0.48404
 Density effect computed following Fano (1963)
 Models for Radloss: brems =  KKP, pair =  KKP, photonuc = DRSS

 *** Table generated with PUMAS v1.10 ***

      T         p     Ionization  brems     pair     photonuc  Radloss    dE/dx   CSDA Range  delta   beta
    [MeV]    [MeV/c]  -----------------------[MeV cm^2/g]------------------------  [g/cm^2]
  1.000E+00 1.457E+01 3.862E+01 0.000E+00 0.000E+00 0.000E+00 0.000E+00 3.862E+01 1.295E-02  0.0000 0.13661
  1.200E+00 1.597E+01 3.347E+01 0.000E+00 0.000E+00 0.000E+00 0.000E+00 3.347E+01 1.853E-02  0.0000 0.14944
  1.400E+00 1.726E+01 2.963E+01 0.000E+00 0.000E+00 0.000E+00 0.000E+00 2.963E+01 2.489E-02  0.0000 0.16119
  1.700E+00 1.903E+01 2.540E+01 0.000E+00 0.000E+00 0.000E+00 0.000E+00 2.540E+01 3.586E-02  0.0000 0.17725
  2.000E+00 2.066E+01 2.232E+01 0.000E+00 0.000E+00 0.000E+00 0.000E+00 2.232E+01 4.848E-02  0.0000 0.19186
  2.500E+00 2.312E+01 1.869E+01 0.000E+00 0.000E+00 0.000E+00 0.000E+00 1.869E+01 7.306E-02  0.0000 0.21376
  3.000E+00 2.536E+01 1.616E+01 0.000E+00 0.000E+00 0.000E+00 0.000E+00 1.616E+01 1.019E-01  0.0000 0.23336
  3.500E+00 2.742E+01 1.430E+01 0.000E+00 0.000E+00 0.000E+00 0.000E+00 1.430E+01 1.349E-01  0.0000 0.25120
  4.000E+00 2.935E+01 1.286E+01 0.000E+00 0.000E+00 0.000E+00 0.000E+00 1.286E+01 1.718E-01  0.0000 0.26763
  4.500E+00 3.116E+01 1.171E+01 0.000E+00 0.000E+00 0.000E+00 0.000E+00 1.171E+01 2.126E-01  0.0000 0.28290
  5.000E+00 3.289E+01 1.078E+01 0.000E+00 0.000E+00 0.000E+00 0.000E+00 1.078E+01 2.571E-01  0.0000 0.29720
  5.500E+00 3.453E+01 1.001E+01 0.000E+00 0.000E+00 0.000E+00 0.000E+00 1.001E+01 3.053E-01  0.0000 0.31066
  6.000E+00 3.611E+01 9.348E+00 0.000E+00 0.000E+00 0.000E+00 0.000E+00 9.348E+00 3.570E-01  0.0000 0.32339
  7.000E+00 3.909E+01 8.296E+00 0.000E+00 0.000E+00 0.000E+00 0.000E+00 8.296E+00 4.708E-01  0.0000 0.34700
  8.000E+00 4.189E+01 7.489E+00 0.000E+00 0.000E+00 0.000E+00 0.000E+00 7.489E+00 5.978E-01  0.0000 0.36854
  9.000E+00 4.453E+01 6.849E+00 0.000E+00 0.000E+00 0.000E+00 0.000E+00 6.849E+00 7.376E-01  0.0000 0.38836
  1.000E+01 4.704E+01 6.330E+00 0.000E+00 0.000E+00 0.000E+00 0.000E+00 6.330E+00 8.895E-01  0.0000 0.40675
  1.200E+01 5.177E+01 5.535E+00 0.000E+00 0.000E+00 0.000E+00 0.000E+00 5.535E+00 1.228E+00  0.0000 0.43998
  1.400E+01 5.616E+01 4.955E+00 0.000E+00 0.000E+00 0.000E+00 0.000E+00 4.955E+00 1.611E+00  0.0000 0.46937
  1.700E+01 6.230E+01 4.329E+00 0.000E+00 0.000E+00 0.000E+00 0.000E+00 4.329E+00 2.260E+00  0.0000 0.50792
  2.000E+01 6.802E+01 3.883E+00 0.000E+00 0.000E+00 0.000E+00 0.000E+00 3.883E+00 2.993E+00  0.0000 0.54129
  2.500E+01 7.686E+01 3.370E+00 0.000E+00 0.000E+00 0.000E+00 0.000E+00 3.370E+00 4.378E+00  0.0000 0.58827
  3.000E+01 8.509E+01 3.024E+00 0.000E+00 0.000E+00 0.000E+00 0.000E+00 3.024E+00 5.947E+00  0.0000 0.62720
  3.500E+01 9.285E+01 2.775E+00 0.000E+00 0.000E+00 0.000E+00 0.000E+00 2.775E+00 7.675E+00  0.0000 0.66011
  4.000E+01 1.003E+02 2.588E+00 0.000E+00 0.000E+00 0.000E+00 0.000E+00 2.588E+00 9.542E+00  0.0000 0.68834
  4.500E+01 1.074E+02 2.443E+00 0.000E+00 0.000E+00 0.000E+00 0.000E+00 2.443E+00 1.153E+01  0.0000 0.71286
  5.000E+01 1.143E+02 2.328E+00 0.000E+00 0.000E+00 0.000E+00 0.000E+00 2.328E+00 1.363E+01  0.0002 0.73434
  5.500E+01 1.210E+02 2.235E+00 0.000E+00 0.000E+00 0.000E+00 0.000E+00 2.235E+00 1.582E+01  0.0008 0.75332
  6.000E+01 1.276E+02 2.158E+00 0.000E+00 0.000E+00 0.000E+00 0.000E+00 2.158E+00 1.810E+01  0.0019 0.77019
  7.000E+01 1.403E+02 2.039E+00 0.000E+00 0.000E+00 0.000E+00 0.000E+00 2.039E+00 2.287E+01  0.0050 0.79887
  8.000E+01 1.527E+02 1.953E+00 0.000E+00 0.000E+00 0.000E+00 0.000E+00 1.953E+00 2.788E+01  0.0093 0.82227
  9.000E+01 1.647E+02 1.888E+00 0.000E+00 0.000E+00 0.000E+00 0.000E+00 1.888E+00 3.309E+01  0.0146 0.84166
  1.000E+02 1.764E+02 1.839E+00 0.000E+00 0.000E+00 0.000E+00 0.000E+00 1.839E+00 3.846E+01  0.0207 0.85794
  1.200E+02 1.994E+02 1.770E+00 0.000E+00 0.000E+00 0.000E+00 0.000E+00 1.770E+00 4.954E+01  0.0353 0.88361
  1.400E+02 2.218E+02 1.727E+00 0.000E+00 0.000E+00 0.000E+00 0.000E+00 1.727E+00 6.099E+01  0.0524 0.90278
  1.700E+02 2.546E+02 1.688E+00 2.631E-06 1.305E-14 0.000E+00 2.631E-06 1.688E+00 7.856E+01  0.0826 0.92363
  2.000E+02 2.868E+02 1.668E+00 1.631E-05 1.359E-11 0.000E+00 1.631E-05 1.668E+00 9.643E+01  0.1179 0.93835
  2.500E+02 3.396E+02 1.655E+00 4.047E-05 1.103E-07 0.000E+00 4.058E-05 1.655E+00 1.265E+02  0.1870 0.95485
  3.000E+02 3.917E+02 1.655E+00 5.940E-05 1.006E-06 0.000E+00 6.041E-05 1.655E+00 1.567E+02  0.2666 0.96548
  3.500E+02 4.432E+02 1.660E+00 7.731E-05 2.790E-06 0.000E+00 8.010E-05 1.660E+00 1.869E+02  0.3531 0.97274
  4.000E+02 4.945E+02 1.668E+00 9.532E-05 5.424E-06 0.000E+00 1.007E-04 1.668E+00 2.170E+02  0.4431 0.97793
  4.500E+02 5.455E+02 1.677E+00 1.128E-04 8.875E-06 0.000E+00 1.217E-04 1.677E+00 2.469E+02  0.5342 0.98176
  5.000E+02 5.964E+02 1.686E+00 1.317E-04 1.312E-05 0.000E+00 1.448E-04 1.686E+00 2.766E+02  0.6246 0.98467
  5.500E+02 6.471E+02 1.696E+00 1.496E-04 1.812E-05 0.000E+00 1.678E-04 1.696E+00 3.062E+02  0.7134 0.98693
  6.000E+02 6.977E+02 1.705E+00 1.684E-04 2.386E-05 0.000E+00 1.922E-04 1.705E+00 3.356E+02  0.7999 0.98873
  7.000E+02 7.987E+02 1.723E+00 2.076E-04 3.744E-05 0.000E+00 2.450E-04 1.724E+00 3.939E+02  0.9649 0.99136
  8.000E+02 8.995E+02 1.740E+00 2.488E-04 5.368E-05 0.000E+00 3.025E-04 1.741E+00 4.516E+02  1.1190 0.99317
  9.000E+02 1.000E+03 1.756E+00 2.900E-04 7.241E-05 0.000E+00 3.625E-04 1.757E+00 5.088E+02  1.2624 0.99447
  1.000E+03 1.101E+03 1.771E+00 3.342E-04 9.348E-05 0.000E+00 4.277E-04 1.772E+00 5.655E+02  1.3961 0.99542
  1.200E+03 1.301E+03 1.798E+00 4.248E-04 1.421E-04 0.000E+00 5.669E-04 1.798E+00 6.776E+02  1.6379 0.99672
  1.400E+03 1.502E+03 1.821E+00 5.209E-04 1.986E-04 9.130E-06 7.287E-04 1.821E+00 7.881E+02  1.8513 0.99753
  1.700E+03 1.803E+03 1.850E+00 6.700E-04 2.965E-04 1.018E-04 1.068E-03 1.851E+00 9.514E+02  2.1298 0.99829
  2.000E+03 2.103E+03 1.876E+00 8.297E-04 4.084E-04 1.947E-04 1.433E-03 1.877E+00 1.112E+03  2.3700 0.99874
  2.500E+03 2.604E+03 1.911E+00 1.110E-03 6.217E-04 3.735E-04 2.105E-03 1.913E+00 1.376E+03  2.7091 0.99918
  3.000E+03 3.104E+03 1.939E+00 1.401E-03 8.640E-04 5.489E-04 2.814E-03 1.942E+00 1.636E+03  2.9933 0.99942
  3.500E+03 3.604E+03 1.963E+00 1.707E-03 1.131E-03 7.356E-04 3.574E-03 1.967E+00 1.891E+03  3.2384 0.99957
  4.000E+03 4.104E+03 1.984E+00 2.032E-03 1.434E-03 9.230E-04 4.388E-03 1.989E+00 2.144E+03  3.4544 0.99967
  4.500E+03 4.604E+03 2.002E+00 2.359E-03 1.761E-03 1.117E-03 5.238E-03 2.008E+00 2.395E+03  3.6477 0.99974
  5.000E+03 5.105E+03 2.018E+00 2.696E-03 2.108E-03 1.322E-03 6.126E-03 2.024E+00 2.643E+03  3.8230 0.99979
  5.500E+03 5.605E+03 2.033E+00 3.040E-03 2.473E-03 1.524E-03 7.037E-03 2.040E+00 2.889E+03  3.9835 0.99982
  6.000E+03 6.105E+03 2.046E+00 3.392E-03 2.853E-03 1.713E-03 7.959E-03 2.054E+00 3.133E+03  4.1316 0.99985
  7.000E+03 7.105E+03 2.068E+00 4.120E-03 3.658E-03 2.111E-03 9.889E-03 2.078E+00 3.617E+03  4.3981 0.99989
  8.000E+03 8.105E+03 2.087E+00 4.868E-03 4.514E-03 2.530E-03 1.191E-02 2.099E+00 4.096E+03  4.6331 0.99992
  9.000E+03 9.105E+03 2.104E+00 5.654E-03 5.414E-03 2.905E-03 1.397E-02 2.118E+00 4.570E+03  4.8436 0.99993
  1.000E+04 1.011E+04 2.118E+00 6.445E-03 6.356E-03 3.292E-03 1.609E-02 2.135E+00 5.040E+03  5.0344 0.99995
  1.200E+04 1.211E+04 2.143E+00 8.077E-03 8.343E-03 4.077E-03 2.050E-02 2.163E+00 5.971E+03  5.3698 0.99996
  1.400E+04 1.411E+04 2.163E+00 9.765E-03 1.045E-02 4.863E-03 2.508E-02 2.188E+00 6.890E+03  5.6582 0.99997
  1.700E+04 1.711E+04 2.188E+00 1.239E-02 1.380E-02 6.050E-03 3.224E-02 2.220E+00 8.252E+03  6.0268 0.99998
  2.000E+04 2.011E+04 2.208E+00 1.510E-02 1.734E-02 7.198E-03 3.964E-02 2.247E+00 9.595E+03  6.3392 0.99999
  2.500E+04 2.511E+04 2.234E+00 1.978E-02 2.358E-02 9.086E-03 5.244E-02 2.286E+00 1.180E+04  6.7728 0.99999
  3.000E+04 3.011E+04 2.255E+00 2.463E-02 3.016E-02 1.094E-02 6.573E-02 2.321E+00 1.397E+04  7.1299 0.99999
  3.500E+04 3.511E+04 2.272E+00 2.962E-02 3.702E-02 1.282E-02 7.946E-02 2.352E+00 1.611E+04  7.4335 1.00000
  4.000E+04 4.011E+04 2.287E+00 3.473E-02 4.411E-02 1.468E-02 9.351E-02 2.381E+00 1.822E+04  7.6973 1.00000
  4.500E+04 4.511E+04 2.300E+00 3.997E-02 5.140E-02 1.651E-02 1.079E-01 2.408E+00 2.031E+04  7.9306 1.00000
  5.000E+04 5.011E+04 2.311E+00 4.527E-02 5.885E-02 1.835E-02 1.225E-01 2.434E+00 2.238E+04  8.1396 1.00000
  5.500E+04 5.511E+04 2.322E+00 5.065E-02 6.646E-02 2.020E-02 1.373E-01 2.459E+00 2.442E+04  8.3289 1.00000
  6.000E+04 6.011E+04 2.331E+00 5.611E-02 7.421E-02 2.203E-02 1.523E-01 2.483E+00 2.645E+04  8.5019 1.00000
  7.000E+04 7.011E+04 2.347E+00 6.720E-02 9.004E-02 2.567E-02 1.829E-01 2.530E+00 3.044E+04  8.8087 1.00000
  8.000E+04 8.011E+04 2.361E+00 7.851E-02 1.063E-01 2.932E-02 2.141E-01 2.575E+00 3.435E+04  9.0747 1.00000
  9.000E+04 9.011E+04 2.373E+00 9.001E-02 1.228E-01 3.299E-02 2.458E-01 2.619E+00 3.821E+04  9.3096 1.00000
  1.000E+05 1.001E+05 2.384E+00 1.017E-01 1.396E-01 3.659E-02 2.779E-01 2.661E+00 4.199E+04  9.5197 1.00000
  1.200E+05 1.201E+05 2.402E+00 1.254E-01 1.740E-01 4.391E-02 3.433E-01 2.745E+00 4.939E+04  9.8836 1.00000
  1.400E+05 1.401E+05 2.417E+00 1.496E-01 2.091E-01 5.124E-02 4.100E-01 2.827E+00 5.657E+04 10.1914 1.00000
  1.700E+05 1.701E+05 2.437E+00 1.867E-01 2.629E-01 6.226E-02 5.119E-01 2.949E+00 6.696E+04 10.5792 1.00000
  2.000E+05 2.001E+05 2.453E+00 2.244E-01 3.178E-01 7.335E-02 6.155E-01 3.069E+00 7.694E+04 10.9040 1.00000
  2.500E+05 2.501E+05 2.475E+00 2.885E-01 4.109E-01 9.192E-02 7.914E-01 3.266E+00 9.274E+04 11.3499 1.00000
  3.000E+05 3.001E+05 2.493E+00 3.538E-01 5.057E-01 1.107E-01 9.702E-01 3.463E+00 1.076E+05 11.7143 1.00000
  3.500E+05 3.501E+05 2.508E+00 4.201E-01 6.017E-01 1.296E-01 1.151E+00 3.660E+00 1.217E+05 12.0225 1.00000
  4.000E+05 4.001E+05 2.522E+00 4.871E-01 6.987E-01 1.487E-01 1.335E+00 3.856E+00 1.350E+05 12.2895 1.00000
  4.500E+05 4.501E+05 2.533E+00 5.547E-01 7.965E-01 1.679E-01 1.519E+00 4.053E+00 1.476E+05 12.5250 1.00000
  5.000E+05 5.001E+05 2.544E+00 6.230E-01 8.949E-01 1.873E-01 1.705E+00 4.249E+00 1.597E+05 12.7356 1.00000
  5.500E+05 5.501E+05 2.553E+00 6.917E-01 9.939E-01 2.066E-01 1.892E+00 4.446E+00 1.712E+05 12.9262 1.00000
  6.000E+05 6.001E+05 2.562E+00 7.609E-01 1.093E+00 2.260E-01 2.080E+00 4.642E+00 1.822E+05 13.1002 1.00000
  7.000E+05 7.001E+05 2.578E+00 9.003E-01 1.293E+00 2.651E-01 2.459E+00 5.036E+00 2.029E+05 13.4084 1.00000
  8.000E+05 8.001E+05 2.591E+00 1.041E+00 1.495E+00 3.047E-01 2.840E+00 5.431E+00 2.220E+05 13.6754 1.00000
  9.000E+05 9.001E+05 2.603E+00 1.183E+00 1.697E+00 3.447E-01 3.224E+00 5.827E+00 2.398E+05 13.9110 1.00000
  1.000E+06 1.000E+06 2.614E+00 1.325E+00 1.900E+00 3.850E-01 3.610E+00 6.224E+00 2.564E+05 14.1217 1.00000
  1.200E+06 1.200E+06 2.632E+00 1.612E+00 2.309E+00 4.668E-01 4.388E+00 7.020E+00 2.867E+05 14.4863 1.00000
  1.400E+06 1.400E+06 2.648E+00 1.901E+00 2.719E+00 5.498E-01 5.171E+00 7.818E+00 3.138E+05 14.7945 1.00000
  1.700E+06 1.700E+06 2.668E+00 2.339E+00 3.338E+00 6.764E-01 6.353E+00 9.021E+00 3.496E+05 15.1828 1.00000
  2.000E+06 2.000E+06 2.685E+00 2.779E+00 3.959E+00 8.051E-01 7.543E+00 1.023E+01 3.809E+05 15.5078 1.00000
  2.500E+06 2.500E+06 2.708E+00 3.518E+00 4.999E+00 1.024E+00 9.541E+00 1.225E+01 4.257E+05 15.9541 1.00000
  3.000E+06 3.000E+06 2.727E+00 4.262E+00 6.042E+00 1.247E+00 1.155E+01 1.428E+01 4.637E+05 16.3187 1.00000
  3.500E+06 3.500E+06 2.743E+00 5.010E+00 7.087E+00 1.474E+00 1.357E+01 1.631E+01 4.965E+05 16.6270 1.00000
  4.000E+06 4.000E+06 2.758E+00 5.760E+00 8.135E+00 1.704E+00 1.560E+01 1.836E+01 5.254E+05 16.8941 1.00000
  4.500E+06 4.500E+06 2.770E+00 6.513E+00 9.184E+00 1.937E+00 1.763E+01 2.040E+01 5.513E+05 17.1296 1.00000
  5.000E+06 5.000E+06 2.781E+00 7.267E+00 1.023E+01 2.173E+00 1.968E+01 2.246E+01 5.747E+05 17.3404 1.00000
  5.500E+06 5.500E+06 2.792E+00 8.023E+00 1.129E+01 2.412E+00 2.172E+01 2.451E+01 5.960E+05 17.5310 1.00000
  6.000E+06 6.000E+06 2.801E+00 8.781E+00 1.234E+01 2.653E+00 2.377E+01 2.657E+01 6.156E+05 17.7050 1.00000
  7.000E+06 7.000E+06 2.818E+00 1.030E+01 1.445E+01 3.141E+00 2.789E+01 3.070E+01 6.507E+05 18.0133 1.00000
  8.000E+06 8.000E+06 2.833E+00 1.182E+01 1.656E+01 3.637E+00 3.201E+01 3.484E+01 6.814E+05 18.2803 1.00000
  9.000E+06 9.000E+06 2.846E+00 1.334E+01 1.867E+01 4.139E+00 3.615E+01 3.900E+01 7.085E+05 18.5159 1.00000
  1.000E+07 1.000E+07 2.857E+00 1.487E+01 2.078E+01 4.648E+00 4.030E+01 4.316E+01 7.329E+05 18.7266 1.00000
  1.200E+07 1.200E+07 2.878E+00 1.793E+01 2.501E+01 5.681E+00 4.862E+01 5.150E+01 7.755E+05 19.0913 1.00000
  1.400E+07 1.400E+07 2.895E+00 2.100E+01 2.924E+01 6.734E+00 5.697E+01 5.986E+01 8.117E+05 19.3996 1.00000
  1.700E+07 1.700E+07 2.917E+00 2.560E+01 3.559E+01 8.345E+00 6.953E+01 7.245E+01 8.574E+05 19.7879 1.00000
  2.000E+07 2.000E+07 2.936E+00 3.021E+01 4.194E+01 9.987E+00 8.215E+01 8.508E+01 8.957E+05 20.1129 1.00000
  2.500E+07 2.500E+07 2.961E+00 3.791E+01 5.254E+01 1.279E+01 1.032E+02 1.062E+02 9.487E+05 20.5592 1.00000
  3.000E+07 3.000E+07 2.983E+00 4.562E+01 6.315E+01 1.565E+01 1.244E+02 1.274E+02 9.918E+05 20.9238 1.00000
  3.500E+07 3.500E+07 3.001E+00 5.333E+01 7.375E+01 1.857E+01 1.457E+02 1.487E+02 1.028E+06 21.2321 1.00000
  4.000E+07 4.000E+07 3.016E+00 6.105E+01 8.436E+01 2.154E+01 1.670E+02 1.700E+02 1.060E+06 21.4992 1.00000
  4.500E+07 4.500E+07 3.030E+00 6.878E+01 9.497E+01 2.455E+01 1.883E+02 1.913E+02 1.088E+06 21.7348 1.00000
  5.000E+07 5.000E+07 3.043E+00 7.650E+01 1.056E+02 2.760E+01 2.097E+02 2.127E+02 1.112E+06 21.9455 1.00000
  5.500E+07 5.500E+07 3.054E+00 8.423E+01 1.162E+02 3.068E+01 2.311E+02 2.342E+02 1.135E+06 22.1361 1.00000
  6.000E+07 6.000E+07 3.065E+00 9.197E+01 1.268E+02 3.380E+01 2.526E+02 2.556E+02 1.155E+06 22.3101 1.00000
  7.000E+07 7.000E+07 3.084E+00 1.074E+02 1.480E+02 4.012E+01 2.956E+02 2.987E+02 1.192E+06 22.6184 1.00000
  8.000E+07 8.000E+07 3.100E+00 1.229E+02 1.693E+02 4.655E+01 3.387E+02 3.418E+02 1.223E+06 22.8855 1.00000
  9.000E+07 9.000E+07 3.114E+00 1.384E+02 1.905E+02 5.308E+01 3.820E+02 3.851E+02 1.251E+06 23.1211 1.00000
  1.000E+08 1.000E+08 3.127E+00 1.539E+02 2.118E+02 5.969E+01 4.253E+02 4.285E+02 1.275E+06 23.3318 1.00000
  1.200E+08 1.200E+08 3.150E+00 1.849E+02 2.542E+02 7.314E+01 5.122E+02 5.154E+02 1.318E+06 23.6964 1.00000
  1.400E+08 1.400E+08 3.169E+00 2.158E+02 2.967E+02 8.687E+01 5.994E+02 6.026E+02 1.354E+06 24.0047 1.00000
  1.700E+08 1.700E+08 3.194E+00 2.623E+02 3.605E+02 1.079E+02 7.307E+02 7.338E+02 1.399E+06 24.3930 1.00000
  2.000E+08 2.000E+08 3.214E+00 3.088E+02 4.242E+02 1.293E+02 8.623E+02 8.656E+02 1.437E+06 24.7181 1.00000
  2.500E+08 2.500E+08 3.243E+00 3.863E+02 5.304E+02 1.660E+02 1.083E+03 1.086E+03 1.489E+06 25.1644 1.00000
  3.000E+08 3.000E+08 3.267E+00 4.638E+02 6.366E+02 2.035E+02 1.304E+03 1.307E+03 1.531E+06 25.5290 1.00000
  3.500E+08 3.500E+08 3.287E+00 5.414E+02 7.429E+02 2.418E+02 1.526E+03 1.529E+03 1.567E+06 25.8373 1.00000
  4.000E+08 4.000E+08 3.305E+00 6.189E+02 8.491E+02 2.807E+02 1.749E+03 1.752E+03 1.597E+06 26.1044 1.00000
  4.500E+08 4.500E+08 3.320E+00 6.964E+02 9.553E+02 3.203E+02 1.972E+03 1.975E+03 1.624E+06 26.3399 1.00000
  5.000E+08 5.000E+08 3.334E+00 7.740E+02 1.062E+03 3.604E+02 2.196E+03 2.199E+03 1.648E+06 26.5506 1.00000
  5.500E+08 5.500E+08 3.347E+00 8.515E+02 1.168E+03 4.010E+02 2.420E+03 2.424E+03 1.670E+06 26.7413 1.00000
  6.000E+08 6.000E+08 3.359E+00 9.291E+02 1.274E+03 4.420E+02 2.645E+03 2.648E+03 1.690E+06 26.9153 1.00000
  7.000E+08 7.000E+08 3.380E+00 1.084E+03 1.486E+03 5.253E+02 3.096E+03 3.099E+03 1.725E+06 27.2236 1.00000
  8.000E+08 8.000E+08 3.398E+00 1.239E+03 1.699E+03 6.102E+02 3.548E+03 3.552E+03 1.755E+06 27.4906 1.00000
  9.000E+08 9.000E+08 3.414E+00 1.394E+03 1.911E+03 6.963E+02 4.002E+03 4.005E+03 1.781E+06 27.7261 1.00000
  1.000E+09 1.000E+09 3.428E+00 1.549E+03 2.124E+03 7.836E+02 4.457E+03 4.460E+03 1.805E+06 27.9368 1.00000
  1.200E+09 1.200E+09 3.454E+00 1.860E+03 2.549E+03 9.615E+02 5.370E+03 5.373E+03 1.846E+06 28.3015 1.00000
  1.400E+09 1.400E+09 3.475E+00 2.170E+03 2.974E+03 1.143E+03 6.287E+03 6.290E+03 1.881E+06 28.6094 1.00000
  1.700E+09 1.700E+09 3.503E+00 2.635E+03 3.611E+03 1.422E+03 7.668E+03 7.671E+03 1.924E+06 28.9977 1.00000
  2.000E+09 2.000E+09 3.526E+00 3.101E+03 4.248E+03 1.706E+03 9.055E+03 9.058E+03 1.960E+06 29.3212 1.00000
  2.500E+09 2.500E+09 3.558E+00 3.876E+03 5.310E+03 2.193E+03 1.138E+04 1.138E+04 2.010E+06 29.7675 1.00000
  3.000E+09 3.000E+09 3.585E+00 4.652E+03 6.372E+03 2.692E+03 1.372E+04 1.372E+04 2.050E+06 30.1256 1.00000
  3.500E+09 3.500E+09 3.608E+00 5.427E+03 7.434E+03 3.201E+03 1.606E+04 1.607E+04 2.084E+06 30.4339 1.00000
  4.000E+09 4.000E+09 3.627E+00 6.203E+03 8.496E+03 3.721E+03 1.842E+04 1.842E+04 2.113E+06 30.7010 1.00000
  4.500E+09 4.500E+09 3.647E+00 6.978E+03 9.558E+03 4.248E+03 2.078E+04 2.079E+04 2.138E+06 30.9074 1.00000
  5.000E+09 5.000E+09 3.663E+00 7.754E+03 1.062E+04 4.783E+03 2.316E+04 2.316E+04 2.161E+06 31.1181 1.00000
  5.500E+09 5.500E+09 3.677E+00 8.530E+03 1.168E+04 5.325E+03 2.554E+04 2.554E+04 2.182E+06 31.3088 1.00000
  6.000E+09 6.000E+09 3.690E+00 9.305E+03 1.274E+04 5.874E+03 2.792E+04 2.793E+04 2.201E+06 31.4828 1.00000
  7.000E+09 7.000E+09 3.713E+00 1.086E+04 1.487E+04 6.988E+03 3.271E+04 3.272E+04 2.234E+06 31.7911 1.00000
  8.000E+09 8.000E+09 3.745E+00 1.241E+04 1.699E+04 8.124E+03 3.752E+04 3.753E+04 2.262E+06 31.9027 1.00000
  9.000E+09 9.000E+09 3.763E+00 1.396E+04 1.911E+04 9.278E+03 4.235E+04 4.235E+04 2.287E+06 32.1382 1.00000
  1.000E+10 1.000E+10 3.780E+00 1.551E+04 2.124E+04 1.045E+04 4.720E+04 4.720E+04 2.310E+06 32.3490 1.00000
  1.200E+10 1.200E+10 3.808E+00 1.861E+04 2.548E+04 1.284E+04 5.693E+04 5.694E+04 2.349E+06 32.7136 1.00000
  1.400E+10 1.400E+10 3.832E+00 2.171E+04 2.973E+04 1.528E+04 6.672E+04 6.673E+04 2.381E+06 33.0219 1.00000
  1.700E+10 1.700E+10 3.863E+00 2.637E+04 3.610E+04 1.902E+04 8.149E+04 8.150E+04 2.422E+06 33.4102 1.00000
  2.000E+10 2.000E+10 3.888E+00 3.102E+04 4.247E+04 2.286E+04 9.635E+04 9.635E+04 2.456E+06 33.7353 1.00000
  2.500E+10 2.500E+10 3.924E+00 3.878E+04 5.308E+04 2.942E+04 1.213E+05 1.213E+05 2.503E+06 34.1816 1.00000
  3.000E+10 3.000E+10 3.954E+00 4.653E+04 6.369E+04 3.617E+04 1.464E+05 1.464E+05 2.540E+06 34.5462 1.00000
  3.500E+10 3.500E+10 3.979E+00 5.429E+04 7.431E+04 4.306E+04 1.717E+05 1.717E+05 2.572E+06 34.8545 1.00000
  4.000E+10 4.000E+10 4.001E+00 6.205E+04 8.492E+04 5.009E+04 1.971E+05 1.971E+05 2.599E+06 35.1216 1.00000
  4.500E+10 4.500E+10 4.021E+00 6.980E+04 9.553E+04 5.724E+04 2.226E+05 2.226E+05 2.623E+06 35.3571 1.00000
  5.000E+10 5.000E+10 4.038E+00 7.756E+04 1.061E+05 6.450E+04 2.482E+05 2.482E+05 2.644E+06 35.5678 1.00000
  5.500E+10 5.500E+10 4.054E+00 8.531E+04 1.167E+05 7.186E+04 2.739E+05 2.739E+05 2.664E+06 35.7585 1.00000
  6.000E+10 6.000E+10 4.069E+00 9.307E+04 1.274E+05 7.932E+04 2.997E+05 2.997E+05 2.681E+06 35.9325 1.00000
  7.000E+10 7.000E+10 4.095E+00 1.086E+05 1.486E+05 9.447E+04 3.516E+05 3.516E+05 2.712E+06 36.2408 1.00000
  8.000E+10 8.000E+10 4.118E+00 1.241E+05 1.698E+05 1.099E+05 4.038E+05 4.038E+05 2.739E+06 36.5079 1.00000
  9.000E+10 9.000E+10 4.138E+00 1.396E+05 1.910E+05 1.257E+05 4.563E+05 4.563E+05 2.762E+06 36.7434 1.00000
  1.000E+11 1.000E+11 4.156E+00 1.551E+05 2.122E+05 1.416E+05 5.090E+05 5.090E+05 2.783E+06 36.9541 1.00000
  1.200E+11 1.200E+11 4.188E+00 1.861E+05 2.547E+05 1.742E+05 6.150E+05 6.150E+05 2.819E+06 37.3188 1.00000
  1.400E+11 1.400E+11 4.215E+00 2.172E+05 2.971E+05 2.076E+05 7.219E+05 7.219E+05 2.849E+06 37.6271 1.00000
  1.700E+11 1.700E+11 4.249E+00 2.637E+05 3.607E+05 2.589E+05 8.833E+05 8.833E+05 2.886E+06 38.0154 1.00000
  2.000E+11 2.000E+11 4.278E+00 3.102E+05 4.243E+05 3.115E+05 1.046E+06 1.046E+06 2.918E+06 38.3404 1.00000
  2.500E+11 2.500E+11 4.318E+00 3.878E+05 5.304E+05 4.017E+05 1.320E+06 1.320E+06 2.961E+06 38.7867 1.00000
  3.000E+11 3.000E+11 4.351E+00 4.654E+05 6.364E+05 4.944E+05 1.596E+06 1.596E+06 2.995E+06 39.1514 1.00000
  3.500E+11 3.500E+11 4.379E+00 5.429E+05 7.424E+05 5.894E+05 1.875E+06 1.875E+06 3.024E+06 39.4597 1.00000
  4.000E+11 4.000E+11 4.404E+00 6.205E+05 8.485E+05 6.864E+05 2.155E+06 2.155E+06 3.049E+06 39.7267 1.00000
  4.500E+11 4.500E+11 4.425E+00 6.980E+05 9.545E+05 7.851E+05 2.438E+06 2.438E+06 3.071E+06 39.9623 1.00000
  5.000E+11 5.000E+11 4.445E+00 7.756E+05 1.060E+06 8.855E+05 2.722E+06 2.722E+06 3.090E+06 40.1730 1.00000
  5.500E+11 5.500E+11 4.463E+00 8.531E+05 1.166E+06 9.873E+05 3.007E+06 3.007E+06 3.108E+06 40.3636 1.00000
  6.000E+11 6.000E+11 4.479E+00 9.307E+05 1.272E+06 1.090E+06 3.294E+06 3.294E+06 3.124E+06 40.5377 1.00000
  7.000E+11 7.000E+11 4.508E+00 1.086E+06 1.484E+06 1.300E+06 3.871E+06 3.871E+06 3.152E+06 40.8460 1.00000
  8.000E+11 8.000E+11 4.534E+00 1.241E+06 1.696E+06 1.515E+06 4.452E+06 4.452E+06 3.176E+06 41.1130 1.00000
  9.000E+11 9.000E+11 4.556E+00 1.396E+06 1.908E+06 1.733E+06 5.038E+06 5.038E+06 3.197E+06 41.3486 1.00000
  1.000E+12 1.000E+12 4.576E+00 1.551E+06 2.120E+06 1.956E+06 5.627E+06 5.627E+06 3.216E+06 41.5593 1.00000
