 Incident particle is a Muon with M = 105.65839 MeV
 Index = 2: CalciumOxide
      Absorber with <Z/A> = 0.49931
 Density effect computed following Fano (1963)
 Models for Radloss: brems =  KKP, pair =  KKP, photonuc = DRSS

 *** Table generated with PUMAS v1.10 ***

      T         p     Ionization  brems     pair     photonuc  Radloss    dE/dx   CSDA Range  delta   beta
    [MeV]    [MeV/c]  -----------------------[MeV cm^2/g]------------------------  [g/cm^2]
  1.000E+00 1.457E+01 3.845E+01 0.000E+00 0.000E+00 0.000E+00 0.000E+00 3.845E+01 1.300E-02  0.0005 0.13661
  1.200E+00 1.597E+01 3.336E+01 0.000E+00 0.000E+00 0.000E+00 0.000E+00 3.336E+01 1.860E-02  0.0005 0.14944
  1.400E+00 1.726E+01 2.957E+01 0.000E+00 0.000E+00 0.000E+00 0.000E+00 2.957E+01 2.498E-02  0.0006 0.16119
  1.700E+00 1.903E+01 2.538E+01 0.000E+00 0.000E+00 0.000E+00 0.000E+00 2.538E+01 3.596E-02  0.0006 0.17725
  2.000E+00 2.066E+01 2.233E+01 0.000E+00 0.000E+00 0.000E+00 0.000E+00 2.233E+01 4.859E-02  0.0007 0.19186
  2.500E+00 2.312E+01 1.871E+01 0.000E+00 0.000E+00 0.000E+00 0.000E+00 1.871E+01 7.315E-02  0.0009 0.21376
  3.000E+00 2.536E+01 1.620E+01 0.000E+00 0.000E+00 0.000E+00 0.000E+00 1.620E+01 1.019E-01  0.0010 0.23336
  3.500E+00 2.742E+01 1.434E+01 0.000E+00 0.000E+00 0.000E+00 0.000E+00 1.434E+01 1.348E-01  0.0012 0.25120
  4.000E+00 2.935E+01 1.290E+01 0.000E+00 0.000E+00 0.000E+00 0.000E+00 1.290E+01 1.716E-01  0.0013 0.26763
  4.500E+00 3.116E+01 1.176E+01 0.000E+00 0.000E+00 0.000E+00 0.000E+00 1.176E+01 2.123E-01  0.0015 0.28290
  5.000E+00 3.289E+01 1.083E+01 0.000E+00 0.000E+00 0.000E+00 0.000E+00 1.083E+01 2.566E-01  0.0017 0.29720
  5.500E+00 3.453E+01 1.005E+01 0.000E+00 0.000E+00 0.000E+00 0.000E+00 1.005E+01 3.046E-01  0.0019 0.31066
  6.000E+00 3.611E+01 9.395E+00 0.000E+00 0.000E+00 0.000E+00 0.000E+00 9.395E+00 3.561E-01  0.0021 0.32339
  7.000E+00 3.909E+01 8.342E+00 0.000E+00 0.000E+00 0.000E+00 0.000E+00 8.342E+00 4.692E-01  0.0025 0.34700
  8.000E+00 4.189E+01 7.533E+00 0.000E+00 0.000E+00 0.000E+00 0.000E+00 7.533E+00 5.955E-01  0.0030 0.36854
  9.000E+00 4.453E+01 6.893E+00 0.000E+00 0.000E+00 0.000E+00 0.000E+00 6.893E+00 7.344E-01  0.0035 0.38836
  1.000E+01 4.704E+01 6.371E+00 0.000E+00 0.000E+00 0.000E+00 0.000E+00 6.371E+00 8.855E-01  0.0041 0.40675
  1.200E+01 5.177E+01 5.574E+00 0.000E+00 0.000E+00 0.000E+00 0.000E+00 5.574E+00 1.222E+00  0.0053 0.43998
  1.400E+01 5.616E+01 4.992E+00 0.000E+00 0.000E+00 0.000E+00 0.000E+00 4.992E+00 1.602E+00  0.0066 0.46937
  1.700E+01 6.230E+01 4.363E+00 0.000E+00 0.000E+00 0.000E+00 0.000E+00 4.363E+00 2.246E+00  0.0089 0.50792
  2.000E+01 6.802E+01 3.915E+00 0.000E+00 0.000E+00 0.000E+00 0.000E+00 3.915E+00 2.973E+00  0.0114 0.54129
  2.500E+01 7.686E+01 3.398E+00 0.000E+00 0.000E+00 0.000E+00 0.000E+00 3.398E+00 4.347E+00  0.0160 0.58827
  3.000E+01 8.509E+01 3.049E+00 0.000E+00 0.000E+00 0.000E+00 0.000E+00 3.049E+00 5.903E+00  0.0213 0.62720
  3.500E+01 9.285E+01 2.798E+00 0.000E+00 0.000E+00 0.000E+00 0.000E+00 2.798E+00 7.616E+00  0.0271 0.66011
  4.000E+01 1.003E+02 2.610E+00 0.000E+00 0.000E+00 0.000E+00 0.000E+00 2.610E+00 9.467E+00  0.0334 0.68834
  4.500E+01 1.074E+02 2.463E+00 0.000E+00 0.000E+00 0.000E+00 0.000E+00 2.463E+00 1.144E+01  0.0401 0.71286
  5.000E+01 1.143E+02 2.347E+00 0.000E+00 0.000E+00 0.000E+00 0.000E+00 2.347E+00 1.352E+01  0.0472 0.73434
  5.500E+01 1.210E+02 2.252E+00 0.000E+00 0.000E+00 0.000E+00 0.000E+00 2.252E+00 1.570E+01  0.0547 0.75332
  6.000E+01 1.276E+02 2.174E+00 0.000E+00 0.000E+00 0.000E+00 0.000E+00 2.174E+00 1.796E+01  0.0626 0.77019
  7.000E+01 1.403E+02 2.054E+00 0.000E+00 0.000E+00 0.000E+00 0.000E+00 2.054E+00 2.269E+01  0.0793 0.79887
  8.000E+01 1.527E+02 1.966E+00 0.000E+00 0.000E+00 0.000E+00 0.000E+00 1.966E+00 2.767E+01  0.0973 0.82227
  9.000E+01 1.647E+02 1.900E+00 0.000E+00 0.000E+00 0.000E+00 0.000E+00 1.900E+00 3.284E+01  0.1163 0.84166
  1.000E+02 1.764E+02 1.850E+00 0.000E+00 0.000E+00 0.000E+00 0.000E+00 1.850E+00 3.818E+01  0.1362 0.85794
  1.200E+02 1.994E+02 1.779E+00 0.000E+00 0.000E+00 0.000E+00 0.000E+00 1.779E+00 4.920E+01  0.1783 0.88361
  1.400E+02 2.218E+02 1.733E+00 0.000E+00 0.000E+00 0.000E+00 0.000E+00 1.733E+00 6.059E+01  0.2226 0.90278
  1.700E+02 2.546E+02 1.692E+00 2.908E-06 1.442E-14 0.000E+00 2.908E-06 1.692E+00 7.811E+01  0.2916 0.92363
  2.000E+02 2.868E+02 1.670E+00 6.551E-06 3.225E-12 0.000E+00 6.551E-06 1.670E+00 9.595E+01  0.3618 0.93835
  2.500E+02 3.396E+02 1.655E+00 1.345E-05 2.648E-08 0.000E+00 1.348E-05 1.655E+00 1.260E+02  0.4777 0.95485
  3.000E+02 3.917E+02 1.653E+00 6.434E-05 1.584E-06 0.000E+00 6.592E-05 1.653E+00 1.563E+02  0.5893 0.96548
  3.500E+02 4.432E+02 1.657E+00 9.899E-05 4.519E-06 0.000E+00 1.035E-04 1.657E+00 1.865E+02  0.6953 0.97274
  4.000E+02 4.945E+02 1.665E+00 1.307E-04 8.870E-06 0.000E+00 1.396E-04 1.665E+00 2.166E+02  0.7953 0.97793
  4.500E+02 5.455E+02 1.674E+00 1.604E-04 1.459E-05 0.000E+00 1.749E-04 1.675E+00 2.465E+02  0.8895 0.98176
  5.000E+02 5.964E+02 1.685E+00 1.908E-04 2.163E-05 0.000E+00 2.124E-04 1.685E+00 2.763E+02  0.9782 0.98467
  5.500E+02 6.471E+02 1.695E+00 2.196E-04 2.993E-05 0.000E+00 2.495E-04 1.695E+00 3.059E+02  1.0619 0.98693
  6.000E+02 6.977E+02 1.706E+00 2.510E-04 3.947E-05 0.000E+00 2.905E-04 1.706E+00 3.353E+02  1.1412 0.98873
  7.000E+02 7.987E+02 1.726E+00 3.127E-04 6.207E-05 0.000E+00 3.747E-04 1.727E+00 3.935E+02  1.2879 0.99136
  8.000E+02 8.995E+02 1.746E+00 3.781E-04 8.911E-05 0.000E+00 4.672E-04 1.746E+00 4.511E+02  1.4212 0.99317
  9.000E+02 1.000E+03 1.764E+00 4.460E-04 1.203E-04 0.000E+00 5.663E-04 1.764E+00 5.081E+02  1.5436 0.99447
  1.000E+03 1.101E+03 1.781E+00 5.135E-04 1.554E-04 0.000E+00 6.689E-04 1.781E+00 5.645E+02  1.6568 0.99542
  1.200E+03 1.301E+03 1.811E+00 6.563E-04 2.364E-04 0.000E+00 8.927E-04 1.812E+00 6.758E+02  1.8615 0.99672
  1.400E+03 1.502E+03 1.837E+00 8.057E-04 3.306E-04 9.122E-06 1.145E-03 1.838E+00 7.854E+02  2.0436 0.99753
  1.700E+03 1.803E+03 1.871E+00 1.047E-03 4.939E-04 1.015E-04 1.643E-03 1.873E+00 9.471E+02  2.2859 0.99829
  2.000E+03 2.103E+03 1.899E+00 1.295E-03 6.805E-04 1.940E-04 2.169E-03 1.901E+00 1.106E+03  2.5006 0.99874
  2.500E+03 2.604E+03 1.937E+00 1.737E-03 1.036E-03 3.715E-04 3.145E-03 1.940E+00 1.366E+03  2.8142 0.99918
  3.000E+03 3.104E+03 1.968E+00 2.194E-03 1.440E-03 5.452E-04 4.180E-03 1.972E+00 1.622E+03  3.0864 0.99942
  3.500E+03 3.604E+03 1.993E+00 2.690E-03 1.886E-03 7.296E-04 5.305E-03 1.998E+00 1.874E+03  3.3271 0.99957
  4.000E+03 4.104E+03 2.014E+00 3.190E-03 2.381E-03 9.144E-04 6.485E-03 2.021E+00 2.123E+03  3.5426 0.99967
  4.500E+03 4.604E+03 2.033E+00 3.705E-03 2.915E-03 1.106E-03 7.725E-03 2.040E+00 2.369E+03  3.7376 0.99974
  5.000E+03 5.105E+03 2.049E+00 4.255E-03 3.480E-03 1.307E-03 9.042E-03 2.058E+00 2.613E+03  3.9154 0.99979
  5.500E+03 5.605E+03 2.064E+00 4.801E-03 4.072E-03 1.506E-03 1.038E-02 2.074E+00 2.855E+03  4.0787 0.99982
  6.000E+03 6.105E+03 2.077E+00 5.359E-03 4.690E-03 1.691E-03 1.174E-02 2.089E+00 3.095E+03  4.2296 0.99985
  7.000E+03 7.105E+03 2.100E+00 6.509E-03 5.996E-03 2.082E-03 1.459E-02 2.114E+00 3.571E+03  4.5008 0.99989
  8.000E+03 8.105E+03 2.119E+00 7.694E-03 7.383E-03 2.492E-03 1.757E-02 2.137E+00 4.042E+03  4.7391 0.99992
  9.000E+03 9.105E+03 2.136E+00 8.912E-03 8.842E-03 2.860E-03 2.061E-02 2.157E+00 4.507E+03  4.9515 0.99993
  1.000E+04 1.011E+04 2.151E+00 1.016E-02 1.036E-02 3.239E-03 2.376E-02 2.175E+00 4.969E+03  5.1432 0.99995
  1.200E+04 1.211E+04 2.176E+00 1.277E-02 1.358E-02 4.005E-03 3.035E-02 2.207E+00 5.882E+03  5.4782 0.99996
  1.400E+04 1.411E+04 2.197E+00 1.544E-02 1.698E-02 4.772E-03 3.719E-02 2.235E+00 6.783E+03  5.7645 0.99997
  1.700E+04 1.711E+04 2.223E+00 1.959E-02 2.238E-02 5.930E-03 4.790E-02 2.271E+00 8.115E+03  6.1287 0.99998
  2.000E+04 2.011E+04 2.244E+00 2.388E-02 2.807E-02 7.048E-03 5.899E-02 2.303E+00 9.427E+03  6.4365 0.99999
  2.500E+04 2.511E+04 2.272E+00 3.128E-02 3.809E-02 8.884E-03 7.825E-02 2.350E+00 1.158E+04  6.8635 0.99999
  3.000E+04 3.011E+04 2.294E+00 3.893E-02 4.864E-02 1.069E-02 9.826E-02 2.392E+00 1.368E+04  7.2157 0.99999
  3.500E+04 3.511E+04 2.312E+00 4.681E-02 5.962E-02 1.251E-02 1.189E-01 2.431E+00 1.576E+04  7.5156 1.00000
  4.000E+04 4.011E+04 2.327E+00 5.487E-02 7.096E-02 1.431E-02 1.401E-01 2.468E+00 1.780E+04  7.7768 1.00000
  4.500E+04 4.511E+04 2.341E+00 6.308E-02 8.260E-02 1.609E-02 1.618E-01 2.503E+00 1.981E+04  8.0080 1.00000
  5.000E+04 5.011E+04 2.353E+00 7.143E-02 9.450E-02 1.787E-02 1.838E-01 2.536E+00 2.180E+04  8.2155 1.00000
  5.500E+04 5.511E+04 2.363E+00 7.998E-02 1.066E-01 1.966E-02 2.063E-01 2.570E+00 2.376E+04  8.4036 1.00000
  6.000E+04 6.011E+04 2.373E+00 8.857E-02 1.190E-01 2.143E-02 2.290E-01 2.602E+00 2.569E+04  8.5757 1.00000
  7.000E+04 7.011E+04 2.390E+00 1.060E-01 1.442E-01 2.496E-02 2.752E-01 2.665E+00 2.949E+04  8.8811 1.00000
  8.000E+04 8.011E+04 2.404E+00 1.239E-01 1.699E-01 2.849E-02 3.223E-01 2.726E+00 3.320E+04  9.1463 1.00000
  9.000E+04 9.011E+04 2.416E+00 1.419E-01 1.962E-01 3.204E-02 3.702E-01 2.787E+00 3.683E+04  9.3804 1.00000
  1.000E+05 1.001E+05 2.428E+00 1.603E-01 2.229E-01 3.552E-02 4.187E-01 2.846E+00 4.038E+04  9.5901 1.00000
  1.200E+05 1.201E+05 2.447E+00 1.976E-01 2.773E-01 4.260E-02 5.175E-01 2.964E+00 4.726E+04  9.9534 1.00000
  1.400E+05 1.401E+05 2.463E+00 2.357E-01 3.329E-01 4.968E-02 6.182E-01 3.081E+00 5.388E+04 10.2608 1.00000
  1.700E+05 1.701E+05 2.483E+00 2.938E-01 4.178E-01 6.032E-02 7.719E-01 3.255E+00 6.336E+04 10.6483 1.00000
  2.000E+05 2.001E+05 2.499E+00 3.530E-01 5.043E-01 7.102E-02 9.283E-01 3.428E+00 7.235E+04 10.9728 1.00000
  2.500E+05 2.501E+05 2.522E+00 4.535E-01 6.510E-01 8.894E-02 1.193E+00 3.716E+00 8.637E+04 11.4186 1.00000
  3.000E+05 3.001E+05 2.541E+00 5.558E-01 8.000E-01 1.070E-01 1.463E+00 4.004E+00 9.934E+04 11.7829 1.00000
  3.500E+05 3.501E+05 2.557E+00 6.595E-01 9.508E-01 1.253E-01 1.736E+00 4.292E+00 1.114E+05 12.0910 1.00000
  4.000E+05 4.001E+05 2.570E+00 7.643E-01 1.103E+00 1.437E-01 2.011E+00 4.581E+00 1.227E+05 12.3579 1.00000
  4.500E+05 4.501E+05 2.582E+00 8.702E-01 1.256E+00 1.622E-01 2.289E+00 4.871E+00 1.333E+05 12.5934 1.00000
  5.000E+05 5.001E+05 2.593E+00 9.768E-01 1.411E+00 1.809E-01 2.568E+00 5.161E+00 1.433E+05 12.8040 1.00000
  5.500E+05 5.501E+05 2.603E+00 1.084E+00 1.566E+00 1.995E-01 2.849E+00 5.452E+00 1.527E+05 12.9946 1.00000
  6.000E+05 6.001E+05 2.612E+00 1.192E+00 1.721E+00 2.182E-01 3.132E+00 5.743E+00 1.616E+05 13.1685 1.00000
  7.000E+05 7.001E+05 2.628E+00 1.410E+00 2.034E+00 2.559E-01 3.700E+00 6.328E+00 1.782E+05 13.4768 1.00000
  8.000E+05 8.001E+05 2.642E+00 1.629E+00 2.349E+00 2.940E-01 4.272E+00 6.914E+00 1.934E+05 13.7438 1.00000
  9.000E+05 9.001E+05 2.654E+00 1.850E+00 2.665E+00 3.325E-01 4.848E+00 7.502E+00 2.073E+05 13.9793 1.00000
  1.000E+06 1.000E+06 2.665E+00 2.072E+00 2.983E+00 3.714E-01 5.426E+00 8.091E+00 2.201E+05 14.1900 1.00000
  1.200E+06 1.200E+06 2.684E+00 2.520E+00 3.620E+00 4.502E-01 6.590E+00 9.274E+00 2.432E+05 14.5546 1.00000
  1.400E+06 1.400E+06 2.700E+00 2.970E+00 4.261E+00 5.302E-01 7.761E+00 1.046E+01 2.636E+05 14.8629 1.00000
  1.700E+06 1.700E+06 2.721E+00 3.651E+00 5.225E+00 6.521E-01 9.528E+00 1.225E+01 2.902E+05 15.2511 1.00000
  2.000E+06 2.000E+06 2.738E+00 4.336E+00 6.193E+00 7.760E-01 1.131E+01 1.404E+01 3.131E+05 15.5762 1.00000
  2.500E+06 2.500E+06 2.762E+00 5.486E+00 7.813E+00 9.866E-01 1.429E+01 1.705E+01 3.456E+05 16.0224 1.00000
  3.000E+06 3.000E+06 2.782E+00 6.642E+00 9.437E+00 1.201E+00 1.728E+01 2.006E+01 3.727E+05 16.3870 1.00000
  3.500E+06 3.500E+06 2.799E+00 7.803E+00 1.107E+01 1.420E+00 2.029E+01 2.309E+01 3.960E+05 16.6953 1.00000
  4.000E+06 4.000E+06 2.813E+00 8.968E+00 1.270E+01 1.642E+00 2.331E+01 2.612E+01 4.164E+05 16.9624 1.00000
  4.500E+06 4.500E+06 2.827E+00 1.014E+01 1.433E+01 1.866E+00 2.633E+01 2.916E+01 4.345E+05 17.1979 1.00000
  5.000E+06 5.000E+06 2.838E+00 1.131E+01 1.596E+01 2.094E+00 2.936E+01 3.220E+01 4.509E+05 17.4087 1.00000
  5.500E+06 5.500E+06 2.849E+00 1.248E+01 1.760E+01 2.323E+00 3.240E+01 3.525E+01 4.657E+05 17.5993 1.00000
  6.000E+06 6.000E+06 2.859E+00 1.365E+01 1.924E+01 2.555E+00 3.545E+01 3.831E+01 4.793E+05 17.7733 1.00000
  7.000E+06 7.000E+06 2.876E+00 1.601E+01 2.251E+01 3.025E+00 4.155E+01 4.442E+01 5.036E+05 18.0816 1.00000
  8.000E+06 8.000E+06 2.891E+00 1.837E+01 2.580E+01 3.502E+00 4.767E+01 5.056E+01 5.248E+05 18.3487 1.00000
  9.000E+06 9.000E+06 2.904E+00 2.073E+01 2.908E+01 3.986E+00 5.380E+01 5.670E+01 5.435E+05 18.5842 1.00000
  1.000E+07 1.000E+07 2.916E+00 2.310E+01 3.236E+01 4.476E+00 5.994E+01 6.285E+01 5.603E+05 18.7949 1.00000
  1.200E+07 1.200E+07 2.937E+00 2.784E+01 3.894E+01 5.471E+00 7.225E+01 7.518E+01 5.895E+05 19.1596 1.00000
  1.400E+07 1.400E+07 2.955E+00 3.259E+01 4.552E+01 6.485E+00 8.459E+01 8.754E+01 6.142E+05 19.4679 1.00000
  1.700E+07 1.700E+07 2.978E+00 3.972E+01 5.539E+01 8.035E+00 1.031E+02 1.061E+02 6.455E+05 19.8562 1.00000
  2.000E+07 2.000E+07 2.997E+00 4.686E+01 6.527E+01 9.617E+00 1.217E+02 1.247E+02 6.716E+05 20.1812 1.00000
  2.500E+07 2.500E+07 3.024E+00 5.878E+01 8.175E+01 1.231E+01 1.528E+02 1.559E+02 7.077E+05 20.6275 1.00000
  3.000E+07 3.000E+07 3.046E+00 7.071E+01 9.823E+01 1.507E+01 1.840E+02 1.870E+02 7.371E+05 20.9921 1.00000
  3.500E+07 3.500E+07 3.064E+00 8.265E+01 1.147E+02 1.788E+01 2.152E+02 2.183E+02 7.619E+05 21.3004 1.00000
  4.000E+07 4.000E+07 3.080E+00 9.460E+01 1.312E+02 2.073E+01 2.465E+02 2.496E+02 7.834E+05 21.5675 1.00000
  4.500E+07 4.500E+07 3.095E+00 1.065E+02 1.477E+02 2.363E+01 2.779E+02 2.810E+02 8.023E+05 21.8031 1.00000
  5.000E+07 5.000E+07 3.108E+00 1.185E+02 1.642E+02 2.657E+01 3.093E+02 3.124E+02 8.192E+05 22.0138 1.00000
  5.500E+07 5.500E+07 3.120E+00 1.305E+02 1.807E+02 2.954E+01 3.407E+02 3.438E+02 8.345E+05 22.2044 1.00000
  6.000E+07 6.000E+07 3.130E+00 1.424E+02 1.972E+02 3.254E+01 3.722E+02 3.753E+02 8.484E+05 22.3784 1.00000
  7.000E+07 7.000E+07 3.150E+00 1.664E+02 2.302E+02 3.863E+01 4.352E+02 4.383E+02 8.732E+05 22.6867 1.00000
  8.000E+07 8.000E+07 3.167E+00 1.903E+02 2.632E+02 4.482E+01 4.983E+02 5.015E+02 8.945E+05 22.9538 1.00000
  9.000E+07 9.000E+07 3.181E+00 2.143E+02 2.962E+02 5.110E+01 5.615E+02 5.647E+02 9.134E+05 23.1894 1.00000
  1.000E+08 1.000E+08 3.195E+00 2.382E+02 3.292E+02 5.747E+01 6.249E+02 6.281E+02 9.302E+05 23.4001 1.00000
  1.200E+08 1.200E+08 3.218E+00 2.861E+02 3.952E+02 7.042E+01 7.517E+02 7.550E+02 9.593E+05 23.7647 1.00000
  1.400E+08 1.400E+08 3.238E+00 3.340E+02 4.612E+02 8.363E+01 8.789E+02 8.821E+02 9.839E+05 24.0730 1.00000
  1.700E+08 1.700E+08 3.263E+00 4.059E+02 5.603E+02 1.039E+02 1.070E+03 1.073E+03 1.015E+06 24.4613 1.00000
  2.000E+08 2.000E+08 3.285E+00 4.779E+02 6.593E+02 1.245E+02 1.262E+03 1.265E+03 1.041E+06 24.7864 1.00000
  2.500E+08 2.500E+08 3.314E+00 5.977E+02 8.244E+02 1.598E+02 1.582E+03 1.585E+03 1.076E+06 25.2327 1.00000
  3.000E+08 3.000E+08 3.339E+00 7.176E+02 9.895E+02 1.959E+02 1.903E+03 1.906E+03 1.105E+06 25.5973 1.00000
  3.500E+08 3.500E+08 3.360E+00 8.375E+02 1.155E+03 2.328E+02 2.225E+03 2.228E+03 1.129E+06 25.9056 1.00000
  4.000E+08 4.000E+08 3.378E+00 9.574E+02 1.320E+03 2.703E+02 2.547E+03 2.551E+03 1.151E+06 26.1727 1.00000
  4.500E+08 4.500E+08 3.394E+00 1.077E+03 1.485E+03 3.084E+02 2.870E+03 2.874E+03 1.169E+06 26.4082 1.00000
  5.000E+08 5.000E+08 3.408E+00 1.197E+03 1.650E+03 3.470E+02 3.194E+03 3.197E+03 1.186E+06 26.6190 1.00000
  5.500E+08 5.500E+08 3.422E+00 1.317E+03 1.815E+03 3.860E+02 3.518E+03 3.521E+03 1.200E+06 26.8096 1.00000
  6.000E+08 6.000E+08 3.434E+00 1.437E+03 1.980E+03 4.255E+02 3.843E+03 3.846E+03 1.214E+06 26.9836 1.00000
  7.000E+08 7.000E+08 3.455E+00 1.677E+03 2.310E+03 5.058E+02 4.493E+03 4.496E+03 1.238E+06 27.2919 1.00000
  8.000E+08 8.000E+08 3.474E+00 1.917E+03 2.640E+03 5.874E+02 5.144E+03 5.148E+03 1.259E+06 27.5589 1.00000
  9.000E+08 9.000E+08 3.491E+00 2.157E+03 2.970E+03 6.703E+02 5.797E+03 5.801E+03 1.277E+06 27.7944 1.00000
  1.000E+09 1.000E+09 3.506E+00 2.396E+03 3.300E+03 7.544E+02 6.451E+03 6.455E+03 1.294E+06 28.0051 1.00000
  1.200E+09 1.200E+09 3.532E+00 2.876E+03 3.961E+03 9.256E+02 7.763E+03 7.766E+03 1.322E+06 28.3698 1.00000
  1.400E+09 1.400E+09 3.554E+00 3.356E+03 4.621E+03 1.100E+03 9.077E+03 9.081E+03 1.346E+06 28.6777 1.00000
  1.700E+09 1.700E+09 3.582E+00 4.075E+03 5.611E+03 1.369E+03 1.106E+04 1.106E+04 1.376E+06 29.0660 1.00000
  2.000E+09 2.000E+09 3.606E+00 4.795E+03 6.601E+03 1.643E+03 1.304E+04 1.304E+04 1.401E+06 29.3895 1.00000
  2.500E+09 2.500E+09 3.639E+00 5.994E+03 8.252E+03 2.111E+03 1.636E+04 1.636E+04 1.436E+06 29.8358 1.00000
  3.000E+09 3.000E+09 3.667E+00 7.194E+03 9.902E+03 2.591E+03 1.969E+04 1.969E+04 1.464E+06 30.1939 1.00000
  3.500E+09 3.500E+09 3.690E+00 8.393E+03 1.155E+04 3.082E+03 2.303E+04 2.303E+04 1.487E+06 30.5023 1.00000
  4.000E+09 4.000E+09 3.711E+00 9.592E+03 1.320E+04 3.582E+03 2.638E+04 2.638E+04 1.507E+06 30.7693 1.00000
  4.500E+09 4.500E+09 3.731E+00 1.079E+04 1.485E+04 4.090E+03 2.973E+04 2.974E+04 1.525E+06 30.9757 1.00000
  5.000E+09 5.000E+09 3.747E+00 1.199E+04 1.650E+04 4.605E+03 3.310E+04 3.310E+04 1.541E+06 31.1864 1.00000
  5.500E+09 5.500E+09 3.762E+00 1.319E+04 1.815E+04 5.127E+03 3.647E+04 3.647E+04 1.556E+06 31.3771 1.00000
  6.000E+09 6.000E+09 3.775E+00 1.439E+04 1.980E+04 5.655E+03 3.985E+04 3.985E+04 1.569E+06 31.5511 1.00000
  7.000E+09 7.000E+09 3.799E+00 1.679E+04 2.310E+04 6.728E+03 4.662E+04 4.662E+04 1.592E+06 31.8594 1.00000
  8.000E+09 8.000E+09 3.832E+00 1.919E+04 2.640E+04 7.821E+03 5.341E+04 5.341E+04 1.612E+06 31.9710 1.00000
  9.000E+09 9.000E+09 3.851E+00 2.159E+04 2.970E+04 8.932E+03 6.022E+04 6.022E+04 1.630E+06 32.2066 1.00000
  1.000E+10 1.000E+10 3.868E+00 2.398E+04 3.300E+04 1.006E+04 6.705E+04 6.705E+04 1.646E+06 32.4173 1.00000
  1.200E+10 1.200E+10 3.897E+00 2.878E+04 3.960E+04 1.236E+04 8.074E+04 8.074E+04 1.673E+06 32.7819 1.00000
  1.400E+10 1.400E+10 3.922E+00 3.358E+04 4.620E+04 1.471E+04 9.449E+04 9.449E+04 1.696E+06 33.0902 1.00000
  1.700E+10 1.700E+10 3.953E+00 4.078E+04 5.610E+04 1.832E+04 1.152E+05 1.152E+05 1.725E+06 33.4785 1.00000
  2.000E+10 2.000E+10 3.980E+00 4.797E+04 6.599E+04 2.201E+04 1.360E+05 1.360E+05 1.749E+06 33.8036 1.00000
  2.500E+10 2.500E+10 4.017E+00 5.997E+04 8.248E+04 2.833E+04 1.708E+05 1.708E+05 1.782E+06 34.2499 1.00000
  3.000E+10 3.000E+10 4.048E+00 7.196E+04 9.898E+04 3.482E+04 2.058E+05 2.058E+05 1.809E+06 34.6145 1.00000
  3.500E+10 3.500E+10 4.074E+00 8.395E+04 1.155E+05 4.146E+04 2.409E+05 2.409E+05 1.831E+06 34.9228 1.00000
  4.000E+10 4.000E+10 4.096E+00 9.595E+04 1.320E+05 4.822E+04 2.761E+05 2.761E+05 1.851E+06 35.1899 1.00000
  4.500E+10 4.500E+10 4.116E+00 1.079E+05 1.484E+05 5.511E+04 3.115E+05 3.115E+05 1.868E+06 35.4254 1.00000
  5.000E+10 5.000E+10 4.135E+00 1.199E+05 1.649E+05 6.210E+04 3.470E+05 3.470E+05 1.883E+06 35.6362 1.00000
  5.500E+10 5.500E+10 4.151E+00 1.319E+05 1.814E+05 6.919E+04 3.825E+05 3.825E+05 1.897E+06 35.8268 1.00000
  6.000E+10 6.000E+10 4.166E+00 1.439E+05 1.979E+05 7.636E+04 4.182E+05 4.182E+05 1.909E+06 36.0008 1.00000
  7.000E+10 7.000E+10 4.193E+00 1.679E+05 2.309E+05 9.095E+04 4.897E+05 4.897E+05 1.931E+06 36.3091 1.00000
  8.000E+10 8.000E+10 4.217E+00 1.919E+05 2.639E+05 1.058E+05 5.616E+05 5.616E+05 1.950E+06 36.5762 1.00000
  9.000E+10 9.000E+10 4.237E+00 2.159E+05 2.968E+05 1.210E+05 6.337E+05 6.337E+05 1.967E+06 36.8117 1.00000
  1.000E+11 1.000E+11 4.256E+00 2.399E+05 3.298E+05 1.364E+05 7.060E+05 7.060E+05 1.982E+06 37.0224 1.00000
  1.200E+11 1.200E+11 4.289E+00 2.878E+05 3.957E+05 1.677E+05 8.513E+05 8.513E+05 2.008E+06 37.3871 1.00000
  1.400E+11 1.400E+11 4.317E+00 3.358E+05 4.616E+05 1.999E+05 9.973E+05 9.973E+05 2.030E+06 37.6954 1.00000
  1.700E+11 1.700E+11 4.352E+00 4.078E+05 5.605E+05 2.493E+05 1.218E+06 1.218E+06 2.057E+06 38.0837 1.00000
  2.000E+11 2.000E+11 4.382E+00 4.797E+05 6.594E+05 2.999E+05 1.439E+06 1.439E+06 2.080E+06 38.4087 1.00000
  2.500E+11 2.500E+11 4.423E+00 5.997E+05 8.242E+05 3.867E+05 1.811E+06 1.811E+06 2.111E+06 38.8550 1.00000
  3.000E+11 3.000E+11 4.457E+00 7.196E+05 9.889E+05 4.760E+05 2.185E+06 2.185E+06 2.136E+06 39.2197 1.00000
  3.500E+11 3.500E+11 4.486E+00 8.395E+05 1.154E+06 5.674E+05 2.561E+06 2.561E+06 2.158E+06 39.5280 1.00000
  4.000E+11 4.000E+11 4.511E+00 9.595E+05 1.318E+06 6.608E+05 2.939E+06 2.939E+06 2.176E+06 39.7950 1.00000
  4.500E+11 4.500E+11 4.534E+00 1.079E+06 1.483E+06 7.558E+05 3.318E+06 3.318E+06 2.192E+06 40.0306 1.00000
  5.000E+11 5.000E+11 4.554E+00 1.199E+06 1.648E+06 8.525E+05 3.700E+06 3.700E+06 2.206E+06 40.2413 1.00000
  5.500E+11 5.500E+11 4.573E+00 1.319E+06 1.813E+06 9.505E+05 4.082E+06 4.082E+06 2.219E+06 40.4319 1.00000
  6.000E+11 6.000E+11 4.589E+00 1.439E+06 1.977E+06 1.050E+06 4.466E+06 4.466E+06 2.231E+06 40.6060 1.00000
  7.000E+11 7.000E+11 4.619E+00 1.679E+06 2.307E+06 1.252E+06 5.238E+06 5.238E+06 2.252E+06 40.9143 1.00000
  8.000E+11 8.000E+11 4.646E+00 1.919E+06 2.636E+06 1.459E+06 6.014E+06 6.014E+06 2.269E+06 41.1813 1.00000
  9.000E+11 9.000E+11 4.669E+00 2.159E+06 2.965E+06 1.669E+06 6.793E+06 6.793E+06 2.285E+06 41.4169 1.00000
  1.000E+12 1.000E+12 4.690E+00 2.399E+06 3.295E+06 1.883E+06 7.576E+06 7.576E+06 2.299E+06 41.6276 1.00000
