 Incident particle is a Muon with M = 105.65839 MeV
 Index = 4: FerrousOxide
      Absorber with <Z/A> = 0.47324
 Density effect computed following Fano (1963)
 Models for Radloss: brems =  KKP, pair =  KKP, photonuc = DRSS

 *** Table generated with PUMAS v1.10 ***

      T         p     Ionization  brems     pair     photonuc  Radloss    dE/dx   CSDA Range  delta   beta
    [MeV]    [MeV/c]  -----------------------[MeV cm^2/g]------------------------  [g/cm^2]
  1.000E+00 1.457E+01 3.375E+01 0.000E+00 0.000E+00 0.000E+00 0.000E+00 3.375E+01 1.481E-02  0.0019 0.13661
  1.200E+00 1.597E+01 2.937E+01 0.000E+00 0.000E+00 0.000E+00 0.000E+00 2.937E+01 2.118E-02  0.0020 0.14944
  1.400E+00 1.726E+01 2.609E+01 0.000E+00 0.000E+00 0.000E+00 0.000E+00 2.609E+01 2.842E-02  0.0021 0.16119
  1.700E+00 1.903E+01 2.246E+01 0.000E+00 0.000E+00 0.000E+00 0.000E+00 2.246E+01 4.085E-02  0.0023 0.17725
  2.000E+00 2.066E+01 1.980E+01 0.000E+00 0.000E+00 0.000E+00 0.000E+00 1.980E+01 5.510E-02  0.0025 0.19186
  2.500E+00 2.312E+01 1.663E+01 0.000E+00 0.000E+00 0.000E+00 0.000E+00 1.663E+01 8.276E-02  0.0029 0.21376
  3.000E+00 2.536E+01 1.443E+01 0.000E+00 0.000E+00 0.000E+00 0.000E+00 1.443E+01 1.151E-01  0.0033 0.23336
  3.500E+00 2.742E+01 1.279E+01 0.000E+00 0.000E+00 0.000E+00 0.000E+00 1.279E+01 1.520E-01  0.0037 0.25120
  4.000E+00 2.935E+01 1.153E+01 0.000E+00 0.000E+00 0.000E+00 0.000E+00 1.153E+01 1.932E-01  0.0041 0.26763
  4.500E+00 3.116E+01 1.052E+01 0.000E+00 0.000E+00 0.000E+00 0.000E+00 1.052E+01 2.387E-01  0.0045 0.28290
  5.000E+00 3.289E+01 9.693E+00 0.000E+00 0.000E+00 0.000E+00 0.000E+00 9.693E+00 2.883E-01  0.0050 0.29720
  5.500E+00 3.453E+01 9.005E+00 0.000E+00 0.000E+00 0.000E+00 0.000E+00 9.005E+00 3.418E-01  0.0055 0.31066
  6.000E+00 3.611E+01 8.423E+00 0.000E+00 0.000E+00 0.000E+00 0.000E+00 8.423E+00 3.992E-01  0.0060 0.32339
  7.000E+00 3.909E+01 7.487E+00 0.000E+00 0.000E+00 0.000E+00 0.000E+00 7.487E+00 5.254E-01  0.0070 0.34700
  8.000E+00 4.189E+01 6.769E+00 0.000E+00 0.000E+00 0.000E+00 0.000E+00 6.769E+00 6.660E-01  0.0081 0.36854
  9.000E+00 4.453E+01 6.198E+00 0.000E+00 0.000E+00 0.000E+00 0.000E+00 6.198E+00 8.206E-01  0.0093 0.38836
  1.000E+01 4.704E+01 5.733E+00 0.000E+00 0.000E+00 0.000E+00 0.000E+00 5.733E+00 9.885E-01  0.0105 0.40675
  1.200E+01 5.177E+01 5.021E+00 0.000E+00 0.000E+00 0.000E+00 0.000E+00 5.021E+00 1.362E+00  0.0132 0.43998
  1.400E+01 5.616E+01 4.501E+00 0.000E+00 0.000E+00 0.000E+00 0.000E+00 4.501E+00 1.783E+00  0.0161 0.46937
  1.700E+01 6.230E+01 3.938E+00 0.000E+00 0.000E+00 0.000E+00 0.000E+00 3.938E+00 2.498E+00  0.0208 0.50792
  2.000E+01 6.802E+01 3.536E+00 0.000E+00 0.000E+00 0.000E+00 0.000E+00 3.536E+00 3.303E+00  0.0259 0.54129
  2.500E+01 7.686E+01 3.072E+00 0.000E+00 0.000E+00 0.000E+00 0.000E+00 3.072E+00 4.823E+00  0.0351 0.58827
  3.000E+01 8.509E+01 2.758E+00 0.000E+00 0.000E+00 0.000E+00 0.000E+00 2.758E+00 6.544E+00  0.0452 0.62720
  3.500E+01 9.285E+01 2.532E+00 0.000E+00 0.000E+00 0.000E+00 0.000E+00 2.532E+00 8.437E+00  0.0559 0.66011
  4.000E+01 1.003E+02 2.362E+00 0.000E+00 0.000E+00 0.000E+00 0.000E+00 2.362E+00 1.048E+01  0.0671 0.68834
  4.500E+01 1.074E+02 2.231E+00 0.000E+00 0.000E+00 0.000E+00 0.000E+00 2.231E+00 1.266E+01  0.0788 0.71286
  5.000E+01 1.143E+02 2.126E+00 0.000E+00 0.000E+00 0.000E+00 0.000E+00 2.126E+00 1.496E+01  0.0908 0.73434
  5.500E+01 1.210E+02 2.040E+00 0.000E+00 0.000E+00 0.000E+00 0.000E+00 2.040E+00 1.736E+01  0.1030 0.75332
  6.000E+01 1.276E+02 1.970E+00 0.000E+00 0.000E+00 0.000E+00 0.000E+00 1.970E+00 1.985E+01  0.1155 0.77019
  7.000E+01 1.403E+02 1.861E+00 0.000E+00 0.000E+00 0.000E+00 0.000E+00 1.861E+00 2.508E+01  0.1409 0.79887
  8.000E+01 1.527E+02 1.782E+00 0.000E+00 0.000E+00 0.000E+00 0.000E+00 1.782E+00 3.057E+01  0.1666 0.82227
  9.000E+01 1.647E+02 1.723E+00 0.000E+00 0.000E+00 0.000E+00 0.000E+00 1.723E+00 3.628E+01  0.1926 0.84166
  1.000E+02 1.764E+02 1.677E+00 0.000E+00 0.000E+00 0.000E+00 0.000E+00 1.677E+00 4.217E+01  0.2185 0.85794
  1.200E+02 1.994E+02 1.613E+00 0.000E+00 0.000E+00 0.000E+00 0.000E+00 1.613E+00 5.433E+01  0.2702 0.88361
  1.400E+02 2.218E+02 1.573E+00 0.000E+00 0.000E+00 0.000E+00 0.000E+00 1.573E+00 6.688E+01  0.3211 0.90278
  1.700E+02 2.546E+02 1.537E+00 2.270E-06 1.126E-14 0.000E+00 2.270E-06 1.537E+00 8.618E+01  0.3955 0.92363
  2.000E+02 2.868E+02 1.517E+00 5.113E-06 2.517E-12 0.000E+00 5.113E-06 1.517E+00 1.058E+02  0.4674 0.93835
  2.500E+02 3.396E+02 1.505E+00 8.796E-06 2.067E-08 0.000E+00 8.816E-06 1.505E+00 1.389E+02  0.5817 0.95485
  3.000E+02 3.917E+02 1.505E+00 4.330E-05 1.520E-06 0.000E+00 4.482E-05 1.505E+00 1.721E+02  0.6895 0.96548
  3.500E+02 4.432E+02 1.510E+00 9.612E-05 5.485E-06 0.000E+00 1.016E-04 1.510E+00 2.053E+02  0.7913 0.97274
  4.000E+02 4.945E+02 1.519E+00 1.381E-04 1.087E-05 0.000E+00 1.490E-04 1.519E+00 2.383E+02  0.8876 0.97793
  4.500E+02 5.455E+02 1.528E+00 1.779E-04 1.794E-05 0.000E+00 1.958E-04 1.528E+00 2.711E+02  0.9789 0.98176
  5.000E+02 5.964E+02 1.538E+00 2.139E-04 2.665E-05 0.000E+00 2.406E-04 1.539E+00 3.037E+02  1.0655 0.98467
  5.500E+02 6.471E+02 1.549E+00 2.510E-04 3.694E-05 0.000E+00 2.879E-04 1.549E+00 3.361E+02  1.1478 0.98693
  6.000E+02 6.977E+02 1.559E+00 2.903E-04 4.876E-05 0.000E+00 3.390E-04 1.559E+00 3.683E+02  1.2262 0.98873
  7.000E+02 7.987E+02 1.579E+00 3.645E-04 7.676E-05 0.000E+00 4.413E-04 1.579E+00 4.320E+02  1.3723 0.99136
  8.000E+02 8.995E+02 1.598E+00 4.436E-04 1.103E-04 0.000E+00 5.539E-04 1.598E+00 4.950E+02  1.5059 0.99317
  9.000E+02 1.000E+03 1.615E+00 5.221E-04 1.490E-04 0.000E+00 6.711E-04 1.616E+00 5.572E+02  1.6288 0.99447
  1.000E+03 1.101E+03 1.631E+00 6.028E-04 1.925E-04 0.000E+00 7.953E-04 1.632E+00 6.188E+02  1.7425 0.99542
  1.200E+03 1.301E+03 1.660E+00 7.781E-04 2.931E-04 0.000E+00 1.071E-03 1.661E+00 7.403E+02  1.9470 0.99672
  1.400E+03 1.502E+03 1.685E+00 9.545E-04 4.099E-04 9.061E-06 1.373E-03 1.686E+00 8.598E+02  2.1272 0.99753
  1.700E+03 1.803E+03 1.717E+00 1.245E-03 6.125E-04 1.008E-04 1.958E-03 1.719E+00 1.036E+03  2.3629 0.99829
  2.000E+03 2.103E+03 1.745E+00 1.545E-03 8.441E-04 1.924E-04 2.581E-03 1.747E+00 1.209E+03  2.5677 0.99874
  2.500E+03 2.604E+03 1.782E+00 2.070E-03 1.286E-03 3.682E-04 3.723E-03 1.786E+00 1.492E+03  2.8603 0.99918
  3.000E+03 3.104E+03 1.813E+00 2.629E-03 1.787E-03 5.400E-04 4.957E-03 1.818E+00 1.770E+03  3.1100 0.99942
  3.500E+03 3.604E+03 1.838E+00 3.225E-03 2.340E-03 7.221E-04 6.287E-03 1.845E+00 2.043E+03  3.3294 0.99957
  4.000E+03 4.104E+03 1.860E+00 3.826E-03 2.950E-03 9.043E-04 7.681E-03 1.868E+00 2.312E+03  3.5258 0.99967
  4.500E+03 4.604E+03 1.879E+00 4.446E-03 3.607E-03 1.093E-03 9.146E-03 1.888E+00 2.578E+03  3.7043 0.99974
  5.000E+03 5.105E+03 1.895E+00 5.083E-03 4.301E-03 1.291E-03 1.068E-02 1.906E+00 2.842E+03  3.8681 0.99979
  5.500E+03 5.605E+03 1.910E+00 5.736E-03 5.029E-03 1.487E-03 1.225E-02 1.922E+00 3.103E+03  4.0196 0.99982
  6.000E+03 6.105E+03 1.923E+00 6.438E-03 5.788E-03 1.669E-03 1.390E-02 1.937E+00 3.362E+03  4.1606 0.99985
  7.000E+03 7.105E+03 1.946E+00 7.822E-03 7.391E-03 2.054E-03 1.727E-02 1.963E+00 3.875E+03  4.4162 0.99989
  8.000E+03 8.105E+03 1.966E+00 9.250E-03 9.093E-03 2.457E-03 2.080E-02 1.986E+00 4.381E+03  4.6433 0.99992
  9.000E+03 9.105E+03 1.982E+00 1.072E-02 1.088E-02 2.818E-03 2.442E-02 2.007E+00 4.882E+03  4.8474 0.99993
  1.000E+04 1.011E+04 1.997E+00 1.222E-02 1.275E-02 3.189E-03 2.816E-02 2.025E+00 5.378E+03  5.0326 0.99995
  1.200E+04 1.211E+04 2.021E+00 1.532E-02 1.668E-02 3.940E-03 3.594E-02 2.057E+00 6.358E+03  5.3582 0.99996
  1.400E+04 1.411E+04 2.042E+00 1.859E-02 2.085E-02 4.692E-03 4.413E-02 2.086E+00 7.324E+03  5.6377 0.99997
  1.700E+04 1.711E+04 2.067E+00 2.359E-02 2.745E-02 5.824E-03 5.686E-02 2.123E+00 8.749E+03  5.9943 0.99998
  2.000E+04 2.011E+04 2.087E+00 2.875E-02 3.441E-02 6.918E-03 7.009E-02 2.157E+00 1.015E+04  6.2960 0.99999
  2.500E+04 2.511E+04 2.114E+00 3.767E-02 4.665E-02 8.712E-03 9.304E-02 2.207E+00 1.244E+04  6.7144 0.99999
  3.000E+04 3.011E+04 2.135E+00 4.690E-02 5.953E-02 1.047E-02 1.169E-01 2.252E+00 1.469E+04  7.0595 0.99999
  3.500E+04 3.511E+04 2.153E+00 5.640E-02 7.292E-02 1.225E-02 1.416E-01 2.295E+00 1.689E+04  7.3535 1.00000
  4.000E+04 4.011E+04 2.168E+00 6.610E-02 8.674E-02 1.401E-02 1.669E-01 2.335E+00 1.905E+04  7.6097 1.00000
  4.500E+04 4.511E+04 2.181E+00 7.599E-02 1.009E-01 1.574E-02 1.927E-01 2.374E+00 2.117E+04  7.8368 1.00000
  5.000E+04 5.011E+04 2.192E+00 8.605E-02 1.154E-01 1.747E-02 2.189E-01 2.411E+00 2.326E+04  8.0409 1.00000
  5.500E+04 5.511E+04 2.203E+00 9.625E-02 1.302E-01 1.922E-02 2.456E-01 2.448E+00 2.532E+04  8.2262 1.00000
  6.000E+04 6.011E+04 2.212E+00 1.066E-01 1.452E-01 2.095E-02 2.727E-01 2.485E+00 2.734E+04  8.3959 1.00000
  7.000E+04 7.011E+04 2.228E+00 1.277E-01 1.758E-01 2.438E-02 3.279E-01 2.556E+00 3.131E+04  8.6976 1.00000
  8.000E+04 8.011E+04 2.242E+00 1.492E-01 2.071E-01 2.781E-02 3.841E-01 2.626E+00 3.517E+04  8.9601 1.00000
  9.000E+04 9.011E+04 2.254E+00 1.710E-01 2.390E-01 3.127E-02 4.412E-01 2.695E+00 3.893E+04  9.1924 1.00000
  1.000E+05 1.001E+05 2.264E+00 1.930E-01 2.714E-01 3.465E-02 4.991E-01 2.764E+00 4.260E+04  9.4006 1.00000
  1.200E+05 1.201E+05 2.283E+00 2.380E-01 3.374E-01 4.153E-02 6.169E-01 2.900E+00 4.966E+04  9.7618 1.00000
  1.400E+05 1.401E+05 2.298E+00 2.837E-01 4.047E-01 4.841E-02 7.369E-01 3.035E+00 5.641E+04 10.0680 1.00000
  1.700E+05 1.701E+05 2.317E+00 3.537E-01 5.076E-01 5.875E-02 9.200E-01 3.237E+00 6.598E+04 10.4543 1.00000
  2.000E+05 2.001E+05 2.333E+00 4.248E-01 6.122E-01 6.915E-02 1.106E+00 3.439E+00 7.498E+04 10.7781 1.00000
  2.500E+05 2.501E+05 2.355E+00 5.456E-01 7.896E-01 8.656E-02 1.422E+00 3.776E+00 8.887E+04 11.2232 1.00000
  3.000E+05 3.001E+05 2.372E+00 6.685E-01 9.697E-01 1.041E-01 1.742E+00 4.115E+00 1.016E+05 11.5871 1.00000
  3.500E+05 3.501E+05 2.387E+00 7.930E-01 1.152E+00 1.219E-01 2.067E+00 4.454E+00 1.133E+05 11.8950 1.00000
  4.000E+05 4.001E+05 2.400E+00 9.189E-01 1.335E+00 1.397E-01 2.394E+00 4.794E+00 1.241E+05 12.1617 1.00000
  4.500E+05 4.501E+05 2.412E+00 1.046E+00 1.520E+00 1.577E-01 2.724E+00 5.136E+00 1.342E+05 12.3971 1.00000
  5.000E+05 5.001E+05 2.422E+00 1.174E+00 1.707E+00 1.758E-01 3.056E+00 5.478E+00 1.436E+05 12.6077 1.00000
  5.500E+05 5.501E+05 2.431E+00 1.303E+00 1.893E+00 1.938E-01 3.390E+00 5.821E+00 1.525E+05 12.7982 1.00000
  6.000E+05 6.001E+05 2.440E+00 1.432E+00 2.081E+00 2.120E-01 3.726E+00 6.165E+00 1.608E+05 12.9721 1.00000
  7.000E+05 7.001E+05 2.455E+00 1.693E+00 2.458E+00 2.485E-01 4.400E+00 6.855E+00 1.762E+05 13.2803 1.00000
  8.000E+05 8.001E+05 2.468E+00 1.956E+00 2.838E+00 2.855E-01 5.080E+00 7.548E+00 1.901E+05 13.5472 1.00000
  9.000E+05 9.001E+05 2.480E+00 2.221E+00 3.219E+00 3.229E-01 5.763E+00 8.243E+00 2.028E+05 13.7827 1.00000
  1.000E+06 1.000E+06 2.490E+00 2.488E+00 3.601E+00 3.606E-01 6.449E+00 8.939E+00 2.145E+05 13.9934 1.00000
  1.200E+06 1.200E+06 2.508E+00 3.024E+00 4.369E+00 4.370E-01 7.829E+00 1.034E+01 2.353E+05 14.3580 1.00000
  1.400E+06 1.400E+06 2.524E+00 3.563E+00 5.140E+00 5.146E-01 9.218E+00 1.174E+01 2.535E+05 14.6662 1.00000
  1.700E+06 1.700E+06 2.543E+00 4.379E+00 6.301E+00 6.328E-01 1.131E+01 1.386E+01 2.771E+05 15.0545 1.00000
  2.000E+06 2.000E+06 2.559E+00 5.199E+00 7.466E+00 7.530E-01 1.342E+01 1.598E+01 2.973E+05 15.3795 1.00000
  2.500E+06 2.500E+06 2.582E+00 6.574E+00 9.414E+00 9.572E-01 1.695E+01 1.953E+01 3.258E+05 15.8258 1.00000
  3.000E+06 3.000E+06 2.601E+00 7.957E+00 1.137E+01 1.166E+00 2.049E+01 2.309E+01 3.494E+05 16.1904 1.00000
  3.500E+06 3.500E+06 2.617E+00 9.346E+00 1.333E+01 1.377E+00 2.405E+01 2.667E+01 3.696E+05 16.4987 1.00000
  4.000E+06 4.000E+06 2.631E+00 1.074E+01 1.529E+01 1.592E+00 2.762E+01 3.025E+01 3.873E+05 16.7657 1.00000
  4.500E+06 4.500E+06 2.643E+00 1.214E+01 1.725E+01 1.810E+00 3.120E+01 3.384E+01 4.029E+05 17.0013 1.00000
  5.000E+06 5.000E+06 2.654E+00 1.354E+01 1.922E+01 2.031E+00 3.478E+01 3.744E+01 4.170E+05 17.2120 1.00000
  5.500E+06 5.500E+06 2.664E+00 1.494E+01 2.118E+01 2.253E+00 3.838E+01 4.104E+01 4.297E+05 17.4026 1.00000
  6.000E+06 6.000E+06 2.674E+00 1.634E+01 2.315E+01 2.478E+00 4.197E+01 4.465E+01 4.414E+05 17.5766 1.00000
  7.000E+06 7.000E+06 2.690E+00 1.916E+01 2.709E+01 2.934E+00 4.918E+01 5.187E+01 4.623E+05 17.8849 1.00000
  8.000E+06 8.000E+06 2.704E+00 2.198E+01 3.104E+01 3.396E+00 5.641E+01 5.911E+01 4.804E+05 18.1520 1.00000
  9.000E+06 9.000E+06 2.717E+00 2.480E+01 3.498E+01 3.865E+00 6.365E+01 6.636E+01 4.964E+05 18.3876 1.00000
  1.000E+07 1.000E+07 2.728E+00 2.763E+01 3.893E+01 4.340E+00 7.090E+01 7.363E+01 5.107E+05 18.5983 1.00000
  1.200E+07 1.200E+07 2.748E+00 3.329E+01 4.684E+01 5.305E+00 8.543E+01 8.818E+01 5.356E+05 18.9629 1.00000
  1.400E+07 1.400E+07 2.765E+00 3.896E+01 5.474E+01 6.288E+00 9.999E+01 1.028E+02 5.567E+05 19.2712 1.00000
  1.700E+07 1.700E+07 2.787E+00 4.748E+01 6.661E+01 7.791E+00 1.219E+02 1.247E+02 5.833E+05 19.6595 1.00000
  2.000E+07 2.000E+07 2.805E+00 5.601E+01 7.849E+01 9.324E+00 1.438E+02 1.466E+02 6.056E+05 19.9846 1.00000
  2.500E+07 2.500E+07 2.830E+00 7.024E+01 9.829E+01 1.194E+01 1.805E+02 1.833E+02 6.363E+05 20.4309 1.00000
  3.000E+07 3.000E+07 2.851E+00 8.448E+01 1.181E+02 1.461E+01 2.172E+02 2.200E+02 6.613E+05 20.7955 1.00000
  3.500E+07 3.500E+07 2.868E+00 9.874E+01 1.379E+02 1.733E+01 2.540E+02 2.568E+02 6.824E+05 21.1038 1.00000
  4.000E+07 4.000E+07 2.884E+00 1.130E+02 1.577E+02 2.010E+01 2.908E+02 2.937E+02 7.006E+05 21.3709 1.00000
  4.500E+07 4.500E+07 2.898E+00 1.273E+02 1.775E+02 2.291E+01 3.277E+02 3.306E+02 7.167E+05 21.6064 1.00000
  5.000E+07 5.000E+07 2.910E+00 1.415E+02 1.974E+02 2.576E+01 3.647E+02 3.676E+02 7.310E+05 21.8171 1.00000
  5.500E+07 5.500E+07 2.921E+00 1.558E+02 2.172E+02 2.864E+01 4.016E+02 4.046E+02 7.440E+05 22.0078 1.00000
  6.000E+07 6.000E+07 2.931E+00 1.701E+02 2.370E+02 3.155E+01 4.387E+02 4.416E+02 7.559E+05 22.1818 1.00000
  7.000E+07 7.000E+07 2.950E+00 1.987E+02 2.767E+02 3.745E+01 5.128E+02 5.157E+02 7.769E+05 22.4901 1.00000
  8.000E+07 8.000E+07 2.965E+00 2.272E+02 3.163E+02 4.345E+01 5.870E+02 5.900E+02 7.951E+05 22.7571 1.00000
  9.000E+07 9.000E+07 2.980E+00 2.558E+02 3.560E+02 4.954E+01 6.614E+02 6.643E+02 8.111E+05 22.9927 1.00000
  1.000E+08 1.000E+08 2.992E+00 2.844E+02 3.957E+02 5.571E+01 7.358E+02 7.388E+02 8.253E+05 23.2034 1.00000
  1.200E+08 1.200E+08 3.014E+00 3.416E+02 4.750E+02 6.827E+01 8.849E+02 8.879E+02 8.501E+05 23.5681 1.00000
  1.400E+08 1.400E+08 3.033E+00 3.988E+02 5.543E+02 8.108E+01 1.034E+03 1.037E+03 8.711E+05 23.8764 1.00000
  1.700E+08 1.700E+08 3.057E+00 4.846E+02 6.733E+02 1.007E+02 1.259E+03 1.262E+03 8.974E+05 24.2647 1.00000
  2.000E+08 2.000E+08 3.078E+00 5.704E+02 7.924E+02 1.207E+02 1.484E+03 1.487E+03 9.194E+05 24.5897 1.00000
  2.500E+08 2.500E+08 3.106E+00 7.135E+02 9.907E+02 1.549E+02 1.859E+03 1.862E+03 9.496E+05 25.0360 1.00000
  3.000E+08 3.000E+08 3.129E+00 8.566E+02 1.189E+03 1.899E+02 2.236E+03 2.239E+03 9.742E+05 25.4007 1.00000
  3.500E+08 3.500E+08 3.148E+00 9.997E+02 1.387E+03 2.257E+02 2.613E+03 2.616E+03 9.949E+05 25.7090 1.00000
  4.000E+08 4.000E+08 3.166E+00 1.143E+03 1.586E+03 2.620E+02 2.991E+03 2.994E+03 1.013E+06 25.9760 1.00000
  4.500E+08 4.500E+08 3.181E+00 1.286E+03 1.784E+03 2.989E+02 3.369E+03 3.372E+03 1.029E+06 26.2116 1.00000
  5.000E+08 5.000E+08 3.195E+00 1.429E+03 1.983E+03 3.364E+02 3.748E+03 3.751E+03 1.043E+06 26.4223 1.00000
  5.500E+08 5.500E+08 3.207E+00 1.572E+03 2.181E+03 3.742E+02 4.127E+03 4.130E+03 1.055E+06 26.6129 1.00000
  6.000E+08 6.000E+08 3.219E+00 1.715E+03 2.379E+03 4.125E+02 4.507E+03 4.510E+03 1.067E+06 26.7869 1.00000
  7.000E+08 7.000E+08 3.239E+00 2.001E+03 2.776E+03 4.903E+02 5.268E+03 5.271E+03 1.088E+06 27.0952 1.00000
  8.000E+08 8.000E+08 3.257E+00 2.288E+03 3.173E+03 5.695E+02 6.030E+03 6.033E+03 1.105E+06 27.3623 1.00000
  9.000E+08 9.000E+08 3.273E+00 2.574E+03 3.569E+03 6.499E+02 6.793E+03 6.796E+03 1.121E+06 27.5978 1.00000
  1.000E+09 1.000E+09 3.287E+00 2.860E+03 3.966E+03 7.314E+02 7.558E+03 7.561E+03 1.135E+06 27.8085 1.00000
  1.200E+09 1.200E+09 3.312E+00 3.433E+03 4.760E+03 8.974E+02 9.090E+03 9.093E+03 1.159E+06 28.1731 1.00000
  1.400E+09 1.400E+09 3.333E+00 4.005E+03 5.553E+03 1.067E+03 1.062E+04 1.063E+04 1.180E+06 28.4810 1.00000
  1.700E+09 1.700E+09 3.359E+00 4.864E+03 6.743E+03 1.327E+03 1.293E+04 1.294E+04 1.205E+06 28.8694 1.00000
  2.000E+09 2.000E+09 3.382E+00 5.723E+03 7.933E+03 1.593E+03 1.525E+04 1.525E+04 1.227E+06 29.1929 1.00000
  2.500E+09 2.500E+09 3.414E+00 7.154E+03 9.916E+03 2.046E+03 1.912E+04 1.912E+04 1.256E+06 29.6391 1.00000
  3.000E+09 3.000E+09 3.440E+00 8.585E+03 1.190E+04 2.512E+03 2.300E+04 2.300E+04 1.280E+06 29.9973 1.00000
  3.500E+09 3.500E+09 3.462E+00 1.002E+04 1.388E+04 2.988E+03 2.689E+04 2.689E+04 1.300E+06 30.3056 1.00000
  4.000E+09 4.000E+09 3.481E+00 1.145E+04 1.587E+04 3.472E+03 3.079E+04 3.079E+04 1.318E+06 30.5727 1.00000
  4.500E+09 4.500E+09 3.500E+00 1.288E+04 1.785E+04 3.965E+03 3.469E+04 3.470E+04 1.333E+06 30.7791 1.00000
  5.000E+09 5.000E+09 3.516E+00 1.431E+04 1.983E+04 4.464E+03 3.861E+04 3.861E+04 1.347E+06 30.9898 1.00000
  5.500E+09 5.500E+09 3.530E+00 1.574E+04 2.181E+04 4.970E+03 4.253E+04 4.253E+04 1.359E+06 31.1804 1.00000
  6.000E+09 6.000E+09 3.542E+00 1.717E+04 2.380E+04 5.482E+03 4.645E+04 4.645E+04 1.370E+06 31.3544 1.00000
  7.000E+09 7.000E+09 3.565E+00 2.004E+04 2.776E+04 6.522E+03 5.432E+04 5.432E+04 1.390E+06 31.6627 1.00000
  8.000E+09 8.000E+09 3.596E+00 2.290E+04 3.173E+04 7.582E+03 6.221E+04 6.221E+04 1.408E+06 31.7743 1.00000
  9.000E+09 9.000E+09 3.614E+00 2.576E+04 3.569E+04 8.659E+03 7.011E+04 7.012E+04 1.423E+06 32.0099 1.00000
  1.000E+10 1.000E+10 3.630E+00 2.862E+04 3.966E+04 9.752E+03 7.803E+04 7.804E+04 1.436E+06 32.2206 1.00000
  1.200E+10 1.200E+10 3.658E+00 3.435E+04 4.759E+04 1.198E+04 9.391E+04 9.392E+04 1.460E+06 32.5853 1.00000
  1.400E+10 1.400E+10 3.681E+00 4.007E+04 5.551E+04 1.426E+04 1.098E+05 1.099E+05 1.479E+06 32.8936 1.00000
  1.700E+10 1.700E+10 3.711E+00 4.866E+04 6.741E+04 1.776E+04 1.338E+05 1.338E+05 1.504E+06 33.2819 1.00000
  2.000E+10 2.000E+10 3.737E+00 5.725E+04 7.930E+04 2.134E+04 1.579E+05 1.579E+05 1.525E+06 33.6069 1.00000
  2.500E+10 2.500E+10 3.772E+00 7.156E+04 9.912E+04 2.746E+04 1.981E+05 1.981E+05 1.553E+06 34.0532 1.00000
  3.000E+10 3.000E+10 3.801E+00 8.587E+04 1.189E+05 3.375E+04 2.386E+05 2.386E+05 1.577E+06 34.4179 1.00000
  3.500E+10 3.500E+10 3.825E+00 1.002E+05 1.388E+05 4.019E+04 2.791E+05 2.791E+05 1.596E+06 34.7262 1.00000
  4.000E+10 4.000E+10 3.847E+00 1.145E+05 1.586E+05 4.675E+04 3.198E+05 3.198E+05 1.613E+06 34.9932 1.00000
  4.500E+10 4.500E+10 3.866E+00 1.288E+05 1.784E+05 5.343E+04 3.606E+05 3.606E+05 1.628E+06 35.2288 1.00000
  5.000E+10 5.000E+10 3.883E+00 1.431E+05 1.982E+05 6.020E+04 4.015E+05 4.015E+05 1.641E+06 35.4395 1.00000
  5.500E+10 5.500E+10 3.899E+00 1.574E+05 2.180E+05 6.707E+04 4.425E+05 4.425E+05 1.653E+06 35.6301 1.00000
  6.000E+10 6.000E+10 3.913E+00 1.718E+05 2.378E+05 7.403E+04 4.836E+05 4.836E+05 1.663E+06 35.8041 1.00000
  7.000E+10 7.000E+10 3.938E+00 2.004E+05 2.774E+05 8.817E+04 5.660E+05 5.660E+05 1.683E+06 36.1124 1.00000
  8.000E+10 8.000E+10 3.961E+00 2.290E+05 3.171E+05 1.026E+05 6.487E+05 6.487E+05 1.699E+06 36.3795 1.00000
  9.000E+10 9.000E+10 3.980E+00 2.576E+05 3.567E+05 1.173E+05 7.316E+05 7.316E+05 1.714E+06 36.6151 1.00000
  1.000E+11 1.000E+11 3.998E+00 2.863E+05 3.963E+05 1.322E+05 8.147E+05 8.147E+05 1.727E+06 36.8258 1.00000
  1.200E+11 1.200E+11 4.029E+00 3.435E+05 4.755E+05 1.626E+05 9.816E+05 9.817E+05 1.749E+06 37.1904 1.00000
  1.400E+11 1.400E+11 4.055E+00 4.008E+05 5.547E+05 1.938E+05 1.149E+06 1.149E+06 1.768E+06 37.4987 1.00000
  1.700E+11 1.700E+11 4.089E+00 4.866E+05 6.736E+05 2.417E+05 1.402E+06 1.402E+06 1.792E+06 37.8871 1.00000
  2.000E+11 2.000E+11 4.117E+00 5.725E+05 7.924E+05 2.908E+05 1.656E+06 1.656E+06 1.811E+06 38.2121 1.00000
  2.500E+11 2.500E+11 4.156E+00 7.156E+05 9.904E+05 3.749E+05 2.081E+06 2.081E+06 1.839E+06 38.6584 1.00000
  3.000E+11 3.000E+11 4.189E+00 8.588E+05 1.188E+06 4.614E+05 2.509E+06 2.509E+06 1.861E+06 39.0230 1.00000
  3.500E+11 3.500E+11 4.216E+00 1.002E+06 1.386E+06 5.501E+05 2.938E+06 2.938E+06 1.879E+06 39.3313 1.00000
  4.000E+11 4.000E+11 4.240E+00 1.145E+06 1.584E+06 6.406E+05 3.370E+06 3.370E+06 1.895E+06 39.5984 1.00000
  4.500E+11 4.500E+11 4.261E+00 1.288E+06 1.782E+06 7.328E+05 3.803E+06 3.803E+06 1.909E+06 39.8340 1.00000
  5.000E+11 5.000E+11 4.281E+00 1.431E+06 1.980E+06 8.264E+05 4.238E+06 4.238E+06 1.921E+06 40.0447 1.00000
  5.500E+11 5.500E+11 4.298E+00 1.574E+06 2.178E+06 9.214E+05 4.674E+06 4.674E+06 1.933E+06 40.2353 1.00000
  6.000E+11 6.000E+11 4.314E+00 1.718E+06 2.376E+06 1.018E+06 5.111E+06 5.111E+06 1.943E+06 40.4093 1.00000
  7.000E+11 7.000E+11 4.343E+00 2.004E+06 2.772E+06 1.214E+06 5.989E+06 5.989E+06 1.961E+06 40.7176 1.00000
  8.000E+11 8.000E+11 4.367E+00 2.290E+06 3.168E+06 1.414E+06 6.872E+06 6.872E+06 1.977E+06 40.9847 1.00000
  9.000E+11 9.000E+11 4.389E+00 2.576E+06 3.563E+06 1.618E+06 7.758E+06 7.758E+06 1.990E+06 41.2202 1.00000
  1.000E+12 1.000E+12 4.409E+00 2.863E+06 3.959E+06 1.825E+06 8.647E+06 8.647E+06 2.003E+06 41.4310 1.00000
