 Incident particle is a Muon with M = 105.65839 MeV
 Index = 6: PotassiumOxide
      Absorber with <Z/A> = 0.48834
 Density effect computed following Fano (1963)
 Models for Radloss: brems =  KKP, pair =  KKP, photonuc = DRSS

 *** Table generated with PUMAS v1.10 ***

      T         p     Ionization  brems     pair     photonuc  Radloss    dE/dx   CSDA Range  delta   beta
    [MeV]    [MeV/c]  -----------------------[MeV cm^2/g]------------------------  [g/cm^2]
  1.000E+00 1.457E+01 3.700E+01 0.000E+00 0.000E+00 0.000E+00 0.000E+00 3.700E+01 1.351E-02  0.0000 0.13661
  1.200E+00 1.597E+01 3.213E+01 0.000E+00 0.000E+00 0.000E+00 0.000E+00 3.213E+01 1.933E-02  0.0000 0.14944
  1.400E+00 1.726E+01 2.849E+01 0.000E+00 0.000E+00 0.000E+00 0.000E+00 2.849E+01 2.595E-02  0.0000 0.16119
  1.700E+00 1.903E+01 2.447E+01 0.000E+00 0.000E+00 0.000E+00 0.000E+00 2.447E+01 3.735E-02  0.0000 0.17725
  2.000E+00 2.066E+01 2.153E+01 0.000E+00 0.000E+00 0.000E+00 0.000E+00 2.153E+01 5.045E-02  0.0000 0.19186
  2.500E+00 2.312E+01 1.805E+01 0.000E+00 0.000E+00 0.000E+00 0.000E+00 1.805E+01 7.591E-02  0.0000 0.21376
  3.000E+00 2.536E+01 1.563E+01 0.000E+00 0.000E+00 0.000E+00 0.000E+00 1.563E+01 1.057E-01  0.0000 0.23336
  3.500E+00 2.742E+01 1.384E+01 0.000E+00 0.000E+00 0.000E+00 0.000E+00 1.384E+01 1.398E-01  0.0000 0.25120
  4.000E+00 2.935E+01 1.246E+01 0.000E+00 0.000E+00 0.000E+00 0.000E+00 1.246E+01 1.779E-01  0.0000 0.26763
  4.500E+00 3.116E+01 1.136E+01 0.000E+00 0.000E+00 0.000E+00 0.000E+00 1.136E+01 2.200E-01  0.0000 0.28290
  5.000E+00 3.289E+01 1.046E+01 0.000E+00 0.000E+00 0.000E+00 0.000E+00 1.046E+01 2.659E-01  0.0000 0.29720
  5.500E+00 3.453E+01 9.715E+00 0.000E+00 0.000E+00 0.000E+00 0.000E+00 9.715E+00 3.155E-01  0.0000 0.31066
  6.000E+00 3.611E+01 9.082E+00 0.000E+00 0.000E+00 0.000E+00 0.000E+00 9.082E+00 3.688E-01  0.0000 0.32339
  7.000E+00 3.909E+01 8.066E+00 0.000E+00 0.000E+00 0.000E+00 0.000E+00 8.066E+00 4.858E-01  0.0000 0.34700
  8.000E+00 4.189E+01 7.286E+00 0.000E+00 0.000E+00 0.000E+00 0.000E+00 7.286E+00 6.164E-01  0.0000 0.36854
  9.000E+00 4.453E+01 6.668E+00 0.000E+00 0.000E+00 0.000E+00 0.000E+00 6.668E+00 7.600E-01  0.0000 0.38836
  1.000E+01 4.704E+01 6.165E+00 0.000E+00 0.000E+00 0.000E+00 0.000E+00 6.165E+00 9.161E-01  0.0000 0.40675
  1.200E+01 5.177E+01 5.395E+00 0.000E+00 0.000E+00 0.000E+00 0.000E+00 5.395E+00 1.264E+00  0.0000 0.43998
  1.400E+01 5.616E+01 4.833E+00 0.000E+00 0.000E+00 0.000E+00 0.000E+00 4.833E+00 1.656E+00  0.0001 0.46937
  1.700E+01 6.230E+01 4.226E+00 0.000E+00 0.000E+00 0.000E+00 0.000E+00 4.226E+00 2.321E+00  0.0004 0.50792
  2.000E+01 6.802E+01 3.793E+00 0.000E+00 0.000E+00 0.000E+00 0.000E+00 3.793E+00 3.072E+00  0.0009 0.54129
  2.500E+01 7.686E+01 3.294E+00 0.000E+00 0.000E+00 0.000E+00 0.000E+00 3.294E+00 4.490E+00  0.0022 0.58827
  3.000E+01 8.509E+01 2.957E+00 0.000E+00 0.000E+00 0.000E+00 0.000E+00 2.957E+00 6.094E+00  0.0040 0.62720
  3.500E+01 9.285E+01 2.714E+00 0.000E+00 0.000E+00 0.000E+00 0.000E+00 2.714E+00 7.861E+00  0.0062 0.66011
  4.000E+01 1.003E+02 2.532E+00 0.000E+00 0.000E+00 0.000E+00 0.000E+00 2.532E+00 9.769E+00  0.0088 0.68834
  4.500E+01 1.074E+02 2.391E+00 0.000E+00 0.000E+00 0.000E+00 0.000E+00 2.391E+00 1.180E+01  0.0118 0.71286
  5.000E+01 1.143E+02 2.279E+00 0.000E+00 0.000E+00 0.000E+00 0.000E+00 2.279E+00 1.394E+01  0.0152 0.73434
  5.500E+01 1.210E+02 2.188E+00 0.000E+00 0.000E+00 0.000E+00 0.000E+00 2.188E+00 1.618E+01  0.0189 0.75332
  6.000E+01 1.276E+02 2.112E+00 0.000E+00 0.000E+00 0.000E+00 0.000E+00 2.112E+00 1.851E+01  0.0229 0.77019
  7.000E+01 1.403E+02 1.997E+00 0.000E+00 0.000E+00 0.000E+00 0.000E+00 1.997E+00 2.338E+01  0.0321 0.79887
  8.000E+01 1.527E+02 1.912E+00 0.000E+00 0.000E+00 0.000E+00 0.000E+00 1.912E+00 2.850E+01  0.0425 0.82227
  9.000E+01 1.647E+02 1.849E+00 0.000E+00 0.000E+00 0.000E+00 0.000E+00 1.849E+00 3.382E+01  0.0543 0.84166
  1.000E+02 1.764E+02 1.801E+00 0.000E+00 0.000E+00 0.000E+00 0.000E+00 1.801E+00 3.930E+01  0.0672 0.85794
  1.200E+02 1.994E+02 1.733E+00 0.000E+00 0.000E+00 0.000E+00 0.000E+00 1.733E+00 5.062E+01  0.0964 0.88361
  1.400E+02 2.218E+02 1.690E+00 0.000E+00 0.000E+00 0.000E+00 0.000E+00 1.690E+00 6.231E+01  0.1292 0.90278
  1.700E+02 2.546E+02 1.652E+00 1.731E-06 8.585E-15 0.000E+00 1.731E-06 1.652E+00 8.027E+01  0.1830 0.92363
  2.000E+02 2.868E+02 1.631E+00 3.900E-06 1.920E-12 0.000E+00 3.900E-06 1.631E+00 9.855E+01  0.2398 0.93835
  2.500E+02 3.396E+02 1.618E+00 1.841E-05 1.950E-08 0.000E+00 1.843E-05 1.618E+00 1.293E+02  0.3364 0.95485
  3.000E+02 3.917E+02 1.617E+00 6.575E-05 1.603E-06 0.000E+00 6.735E-05 1.617E+00 1.602E+02  0.4315 0.96548
  3.500E+02 4.432E+02 1.622E+00 9.955E-05 4.558E-06 0.000E+00 1.041E-04 1.623E+00 1.911E+02  0.5230 0.97274
  4.000E+02 4.945E+02 1.631E+00 1.321E-04 8.948E-06 0.000E+00 1.411E-04 1.631E+00 2.218E+02  0.6103 0.97793
  4.500E+02 5.455E+02 1.641E+00 1.610E-04 1.471E-05 0.000E+00 1.757E-04 1.641E+00 2.524E+02  0.6930 0.98176
  5.000E+02 5.964E+02 1.652E+00 1.911E-04 2.181E-05 0.000E+00 2.129E-04 1.652E+00 2.828E+02  0.7714 0.98467
  5.500E+02 6.471E+02 1.663E+00 2.217E-04 3.019E-05 0.000E+00 2.519E-04 1.663E+00 3.129E+02  0.8457 0.98693
  6.000E+02 6.977E+02 1.674E+00 2.530E-04 3.981E-05 0.000E+00 2.928E-04 1.674E+00 3.429E+02  0.9163 0.98873
  7.000E+02 7.987E+02 1.695E+00 3.153E-04 6.260E-05 0.000E+00 3.779E-04 1.696E+00 4.022E+02  1.0474 0.99136
  8.000E+02 8.995E+02 1.715E+00 3.786E-04 8.987E-05 0.000E+00 4.685E-04 1.716E+00 4.609E+02  1.1671 0.99317
  9.000E+02 1.000E+03 1.734E+00 4.473E-04 1.213E-04 0.000E+00 5.686E-04 1.734E+00 5.188E+02  1.2772 0.99447
  1.000E+03 1.101E+03 1.751E+00 5.166E-04 1.567E-04 0.000E+00 6.733E-04 1.752E+00 5.762E+02  1.3794 0.99542
  1.200E+03 1.301E+03 1.782E+00 6.584E-04 2.384E-04 0.000E+00 8.969E-04 1.783E+00 6.894E+02  1.5646 0.99672
  1.400E+03 1.502E+03 1.809E+00 8.086E-04 3.334E-04 9.100E-06 1.151E-03 1.810E+00 8.007E+02  1.7300 0.99753
  1.700E+03 1.803E+03 1.844E+00 1.052E-03 4.981E-04 1.012E-04 1.651E-03 1.845E+00 9.648E+02  1.9509 0.99829
  2.000E+03 2.103E+03 1.872E+00 1.303E-03 6.862E-04 1.934E-04 2.183E-03 1.875E+00 1.126E+03  2.1479 0.99874
  2.500E+03 2.604E+03 1.911E+00 1.745E-03 1.045E-03 3.704E-04 3.161E-03 1.915E+00 1.390E+03  2.4379 0.99918
  3.000E+03 3.104E+03 1.943E+00 2.218E-03 1.453E-03 5.435E-04 4.214E-03 1.947E+00 1.649E+03  2.6923 0.99942
  3.500E+03 3.604E+03 1.968E+00 2.703E-03 1.902E-03 7.273E-04 5.332E-03 1.974E+00 1.904E+03  2.9193 0.99957
  4.000E+03 4.104E+03 1.990E+00 3.205E-03 2.401E-03 9.112E-04 6.517E-03 1.997E+00 2.156E+03  3.1240 0.99967
  4.500E+03 4.604E+03 2.009E+00 3.723E-03 2.939E-03 1.102E-03 7.763E-03 2.017E+00 2.405E+03  3.3102 0.99974
  5.000E+03 5.105E+03 2.025E+00 4.278E-03 3.507E-03 1.302E-03 9.088E-03 2.034E+00 2.652E+03  3.4807 0.99979
  5.500E+03 5.605E+03 2.040E+00 4.827E-03 4.104E-03 1.500E-03 1.043E-02 2.051E+00 2.897E+03  3.6380 0.99982
  6.000E+03 6.105E+03 2.053E+00 5.387E-03 4.727E-03 1.684E-03 1.180E-02 2.065E+00 3.140E+03  3.7837 0.99985
  7.000E+03 7.105E+03 2.076E+00 6.543E-03 6.042E-03 2.074E-03 1.466E-02 2.091E+00 3.621E+03  4.0464 0.99989
  8.000E+03 8.105E+03 2.096E+00 7.734E-03 7.439E-03 2.482E-03 1.765E-02 2.114E+00 4.097E+03  4.2780 0.99992
  9.000E+03 9.105E+03 2.113E+00 8.959E-03 8.908E-03 2.847E-03 2.071E-02 2.134E+00 4.568E+03  4.4849 0.99993
  1.000E+04 1.011E+04 2.128E+00 1.021E-02 1.044E-02 3.224E-03 2.388E-02 2.152E+00 5.034E+03  4.6719 0.99995
  1.200E+04 1.211E+04 2.153E+00 1.284E-02 1.367E-02 3.986E-03 3.050E-02 2.184E+00 5.957E+03  4.9993 0.99996
  1.400E+04 1.411E+04 2.174E+00 1.553E-02 1.710E-02 4.749E-03 3.738E-02 2.211E+00 6.867E+03  5.2796 0.99997
  1.700E+04 1.711E+04 2.200E+00 1.970E-02 2.254E-02 5.899E-03 4.813E-02 2.248E+00 8.213E+03  5.6367 0.99998
  2.000E+04 2.011E+04 2.221E+00 2.401E-02 2.827E-02 7.010E-03 5.929E-02 2.280E+00 9.538E+03  5.9391 0.99999
  2.500E+04 2.511E+04 2.248E+00 3.145E-02 3.836E-02 8.834E-03 7.864E-02 2.327E+00 1.171E+04  6.3593 0.99999
  3.000E+04 3.011E+04 2.270E+00 3.915E-02 4.898E-02 1.063E-02 9.876E-02 2.369E+00 1.384E+04  6.7068 0.99999
  3.500E+04 3.511E+04 2.288E+00 4.707E-02 6.004E-02 1.243E-02 1.195E-01 2.408E+00 1.593E+04  7.0033 1.00000
  4.000E+04 4.011E+04 2.304E+00 5.517E-02 7.145E-02 1.422E-02 1.408E-01 2.444E+00 1.799E+04  7.2620 1.00000
  4.500E+04 4.511E+04 2.317E+00 6.342E-02 8.317E-02 1.599E-02 1.626E-01 2.479E+00 2.002E+04  7.4913 1.00000
  5.000E+04 5.011E+04 2.329E+00 7.181E-02 9.515E-02 1.775E-02 1.847E-01 2.513E+00 2.203E+04  7.6973 1.00000
  5.500E+04 5.511E+04 2.339E+00 8.042E-02 1.074E-01 1.953E-02 2.073E-01 2.546E+00 2.400E+04  7.8843 1.00000
  6.000E+04 6.011E+04 2.348E+00 8.906E-02 1.198E-01 2.129E-02 2.301E-01 2.579E+00 2.595E+04  8.0555 1.00000
  7.000E+04 7.011E+04 2.365E+00 1.066E-01 1.451E-01 2.479E-02 2.765E-01 2.641E+00 2.979E+04  8.3597 1.00000
  8.000E+04 8.011E+04 2.379E+00 1.245E-01 1.711E-01 2.830E-02 3.239E-01 2.703E+00 3.353E+04  8.6239 1.00000
  9.000E+04 9.011E+04 2.391E+00 1.427E-01 1.975E-01 3.182E-02 3.721E-01 2.763E+00 3.719E+04  8.8575 1.00000
  1.000E+05 1.001E+05 2.402E+00 1.612E-01 2.244E-01 3.527E-02 4.208E-01 2.823E+00 4.077E+04  9.0667 1.00000
  1.200E+05 1.201E+05 2.421E+00 1.987E-01 2.792E-01 4.229E-02 5.201E-01 2.941E+00 4.771E+04  9.4294 1.00000
  1.400E+05 1.401E+05 2.437E+00 2.369E-01 3.351E-01 4.931E-02 6.213E-01 3.058E+00 5.438E+04  9.7364 1.00000
  1.700E+05 1.701E+05 2.456E+00 2.954E-01 4.206E-01 5.986E-02 7.758E-01 3.232E+00 6.393E+04 10.1236 1.00000
  2.000E+05 2.001E+05 2.472E+00 3.549E-01 5.076E-01 7.048E-02 9.330E-01 3.405E+00 7.297E+04 10.4479 1.00000
  2.500E+05 2.501E+05 2.495E+00 4.559E-01 6.552E-01 8.825E-02 1.199E+00 3.694E+00 8.708E+04 10.8934 1.00000
  3.000E+05 3.001E+05 2.513E+00 5.587E-01 8.052E-01 1.062E-01 1.470E+00 3.983E+00 1.001E+05 11.2577 1.00000
  3.500E+05 3.501E+05 2.528E+00 6.630E-01 9.569E-01 1.243E-01 1.744E+00 4.273E+00 1.123E+05 11.5657 1.00000
  4.000E+05 4.001E+05 2.542E+00 7.684E-01 1.110E+00 1.426E-01 2.021E+00 4.563E+00 1.236E+05 11.8326 1.00000
  4.500E+05 4.501E+05 2.554E+00 8.747E-01 1.264E+00 1.609E-01 2.300E+00 4.854E+00 1.342E+05 12.0680 1.00000
  5.000E+05 5.001E+05 2.564E+00 9.819E-01 1.419E+00 1.795E-01 2.581E+00 5.145E+00 1.442E+05 12.2786 1.00000
  5.500E+05 5.501E+05 2.574E+00 1.090E+00 1.575E+00 1.979E-01 2.863E+00 5.437E+00 1.537E+05 12.4692 1.00000
  6.000E+05 6.001E+05 2.583E+00 1.198E+00 1.732E+00 2.164E-01 3.147E+00 5.729E+00 1.626E+05 12.6432 1.00000
  7.000E+05 7.001E+05 2.598E+00 1.417E+00 2.047E+00 2.538E-01 3.718E+00 6.316E+00 1.793E+05 12.9514 1.00000
  8.000E+05 8.001E+05 2.612E+00 1.638E+00 2.364E+00 2.916E-01 4.293E+00 6.905E+00 1.944E+05 13.2184 1.00000
  9.000E+05 9.001E+05 2.624E+00 1.860E+00 2.682E+00 3.298E-01 4.871E+00 7.495E+00 2.084E+05 13.4539 1.00000
  1.000E+06 1.000E+06 2.634E+00 2.083E+00 3.001E+00 3.683E-01 5.452E+00 8.087E+00 2.212E+05 13.6646 1.00000
  1.200E+06 1.200E+06 2.653E+00 2.533E+00 3.642E+00 4.464E-01 6.621E+00 9.275E+00 2.444E+05 14.0292 1.00000
  1.400E+06 1.400E+06 2.669E+00 2.986E+00 4.287E+00 5.257E-01 7.798E+00 1.047E+01 2.647E+05 14.3374 1.00000
  1.700E+06 1.700E+06 2.689E+00 3.670E+00 5.257E+00 6.465E-01 9.573E+00 1.226E+01 2.913E+05 14.7257 1.00000
  2.000E+06 2.000E+06 2.706E+00 4.358E+00 6.231E+00 7.694E-01 1.136E+01 1.406E+01 3.142E+05 15.0507 1.00000
  2.500E+06 2.500E+06 2.730E+00 5.513E+00 7.860E+00 9.781E-01 1.435E+01 1.708E+01 3.466E+05 15.4970 1.00000
  3.000E+06 3.000E+06 2.749E+00 6.675E+00 9.494E+00 1.191E+00 1.736E+01 2.011E+01 3.736E+05 15.8616 1.00000
  3.500E+06 3.500E+06 2.765E+00 7.841E+00 1.113E+01 1.408E+00 2.038E+01 2.315E+01 3.969E+05 16.1699 1.00000
  4.000E+06 4.000E+06 2.780E+00 9.012E+00 1.277E+01 1.627E+00 2.341E+01 2.619E+01 4.172E+05 16.4369 1.00000
  4.500E+06 4.500E+06 2.793E+00 1.019E+01 1.441E+01 1.850E+00 2.645E+01 2.924E+01 4.353E+05 16.6725 1.00000
  5.000E+06 5.000E+06 2.804E+00 1.136E+01 1.606E+01 2.075E+00 2.950E+01 3.230E+01 4.516E+05 16.8832 1.00000
  5.500E+06 5.500E+06 2.814E+00 1.254E+01 1.770E+01 2.303E+00 3.255E+01 3.536E+01 4.664E+05 17.0738 1.00000
  6.000E+06 6.000E+06 2.824E+00 1.372E+01 1.935E+01 2.533E+00 3.561E+01 3.843E+01 4.800E+05 17.2479 1.00000
  7.000E+06 7.000E+06 2.841E+00 1.609E+01 2.265E+01 2.999E+00 4.173E+01 4.457E+01 5.042E+05 17.5561 1.00000
  8.000E+06 8.000E+06 2.856E+00 1.846E+01 2.595E+01 3.472E+00 4.788E+01 5.073E+01 5.253E+05 17.8232 1.00000
  9.000E+06 9.000E+06 2.869E+00 2.083E+01 2.925E+01 3.951E+00 5.403E+01 5.690E+01 5.439E+05 18.0588 1.00000
  1.000E+07 1.000E+07 2.880E+00 2.321E+01 3.255E+01 4.437E+00 6.020E+01 6.308E+01 5.606E+05 18.2695 1.00000
  1.200E+07 1.200E+07 2.901E+00 2.797E+01 3.917E+01 5.423E+00 7.256E+01 7.546E+01 5.897E+05 18.6341 1.00000
  1.400E+07 1.400E+07 2.918E+00 3.274E+01 4.579E+01 6.428E+00 8.495E+01 8.787E+01 6.144E+05 18.9424 1.00000
  1.700E+07 1.700E+07 2.941E+00 3.991E+01 5.572E+01 7.965E+00 1.036E+02 1.065E+02 6.455E+05 19.3307 1.00000
  2.000E+07 2.000E+07 2.959E+00 4.708E+01 6.565E+01 9.532E+00 1.223E+02 1.252E+02 6.716E+05 19.6558 1.00000
  2.500E+07 2.500E+07 2.985E+00 5.905E+01 8.223E+01 1.220E+01 1.535E+02 1.565E+02 7.075E+05 20.1021 1.00000
  3.000E+07 3.000E+07 3.007E+00 7.104E+01 9.880E+01 1.494E+01 1.848E+02 1.878E+02 7.368E+05 20.4667 1.00000
  3.500E+07 3.500E+07 3.025E+00 8.304E+01 1.154E+02 1.772E+01 2.161E+02 2.192E+02 7.615E+05 20.7750 1.00000
  4.000E+07 4.000E+07 3.041E+00 9.504E+01 1.320E+02 2.055E+01 2.476E+02 2.506E+02 7.829E+05 21.0421 1.00000
  4.500E+07 4.500E+07 3.055E+00 1.070E+02 1.486E+02 2.342E+01 2.790E+02 2.821E+02 8.018E+05 21.2776 1.00000
  5.000E+07 5.000E+07 3.068E+00 1.191E+02 1.652E+02 2.633E+01 3.105E+02 3.136E+02 8.186E+05 21.4883 1.00000
  5.500E+07 5.500E+07 3.079E+00 1.311E+02 1.817E+02 2.928E+01 3.421E+02 3.452E+02 8.338E+05 21.6790 1.00000
  6.000E+07 6.000E+07 3.090E+00 1.431E+02 1.983E+02 3.225E+01 3.737E+02 3.768E+02 8.477E+05 21.8530 1.00000
  7.000E+07 7.000E+07 3.109E+00 1.671E+02 2.315E+02 3.829E+01 4.369E+02 4.401E+02 8.723E+05 22.1613 1.00000
  8.000E+07 8.000E+07 3.125E+00 1.912E+02 2.647E+02 4.442E+01 5.003E+02 5.035E+02 8.936E+05 22.4284 1.00000
  9.000E+07 9.000E+07 3.140E+00 2.152E+02 2.979E+02 5.065E+01 5.638E+02 5.670E+02 9.124E+05 22.6639 1.00000
  1.000E+08 1.000E+08 3.153E+00 2.393E+02 3.311E+02 5.696E+01 6.274E+02 6.305E+02 9.291E+05 22.8746 1.00000
  1.200E+08 1.200E+08 3.176E+00 2.874E+02 3.975E+02 6.980E+01 7.548E+02 7.579E+02 9.582E+05 23.2393 1.00000
  1.400E+08 1.400E+08 3.195E+00 3.356E+02 4.639E+02 8.289E+01 8.824E+02 8.856E+02 9.826E+05 23.5476 1.00000
  1.700E+08 1.700E+08 3.220E+00 4.078E+02 5.635E+02 1.029E+02 1.074E+03 1.078E+03 1.014E+06 23.9359 1.00000
  2.000E+08 2.000E+08 3.241E+00 4.800E+02 6.632E+02 1.234E+02 1.267E+03 1.270E+03 1.039E+06 24.2609 1.00000
  2.500E+08 2.500E+08 3.270E+00 6.005E+02 8.292E+02 1.584E+02 1.588E+03 1.591E+03 1.075E+06 24.7072 1.00000
  3.000E+08 3.000E+08 3.294E+00 7.209E+02 9.952E+02 1.942E+02 1.910E+03 1.914E+03 1.103E+06 25.0719 1.00000
  3.500E+08 3.500E+08 3.314E+00 8.413E+02 1.161E+03 2.307E+02 2.233E+03 2.237E+03 1.128E+06 25.3802 1.00000
  4.000E+08 4.000E+08 3.332E+00 9.618E+02 1.327E+03 2.679E+02 2.557E+03 2.560E+03 1.149E+06 25.6472 1.00000
  4.500E+08 4.500E+08 3.347E+00 1.082E+03 1.493E+03 3.056E+02 2.881E+03 2.885E+03 1.167E+06 25.8828 1.00000
  5.000E+08 5.000E+08 3.362E+00 1.203E+03 1.659E+03 3.439E+02 3.206E+03 3.209E+03 1.183E+06 26.0935 1.00000
  5.500E+08 5.500E+08 3.375E+00 1.323E+03 1.825E+03 3.826E+02 3.531E+03 3.535E+03 1.198E+06 26.2841 1.00000
  6.000E+08 6.000E+08 3.386E+00 1.444E+03 1.991E+03 4.218E+02 3.857E+03 3.860E+03 1.212E+06 26.4581 1.00000
  7.000E+08 7.000E+08 3.407E+00 1.685E+03 2.324E+03 5.013E+02 4.509E+03 4.513E+03 1.236E+06 26.7664 1.00000
  8.000E+08 8.000E+08 3.426E+00 1.926E+03 2.656E+03 5.822E+02 5.163E+03 5.167E+03 1.257E+06 27.0335 1.00000
  9.000E+08 9.000E+08 3.442E+00 2.166E+03 2.988E+03 6.644E+02 5.819E+03 5.822E+03 1.275E+06 27.2690 1.00000
  1.000E+09 1.000E+09 3.457E+00 2.407E+03 3.320E+03 7.478E+02 6.475E+03 6.478E+03 1.291E+06 27.4797 1.00000
  1.200E+09 1.200E+09 3.482E+00 2.889E+03 3.984E+03 9.175E+02 7.791E+03 7.794E+03 1.320E+06 27.8443 1.00000
  1.400E+09 1.400E+09 3.504E+00 3.371E+03 4.648E+03 1.091E+03 9.110E+03 9.113E+03 1.343E+06 28.1523 1.00000
  1.700E+09 1.700E+09 3.532E+00 4.094E+03 5.644E+03 1.357E+03 1.109E+04 1.110E+04 1.373E+06 28.5406 1.00000
  2.000E+09 2.000E+09 3.555E+00 4.817E+03 6.640E+03 1.628E+03 1.309E+04 1.309E+04 1.398E+06 28.8641 1.00000
  2.500E+09 2.500E+09 3.587E+00 6.022E+03 8.300E+03 2.092E+03 1.641E+04 1.642E+04 1.433E+06 29.3104 1.00000
  3.000E+09 3.000E+09 3.615E+00 7.227E+03 9.960E+03 2.569E+03 1.975E+04 1.976E+04 1.460E+06 29.6685 1.00000
  3.500E+09 3.500E+09 3.637E+00 8.431E+03 1.162E+04 3.055E+03 2.311E+04 2.311E+04 1.484E+06 29.9768 1.00000
  4.000E+09 4.000E+09 3.657E+00 9.636E+03 1.328E+04 3.550E+03 2.647E+04 2.647E+04 1.504E+06 30.2439 1.00000
  4.500E+09 4.500E+09 3.677E+00 1.084E+04 1.494E+04 4.054E+03 2.983E+04 2.984E+04 1.522E+06 30.4503 1.00000
  5.000E+09 5.000E+09 3.693E+00 1.205E+04 1.660E+04 4.564E+03 3.321E+04 3.321E+04 1.538E+06 30.6610 1.00000
  5.500E+09 5.500E+09 3.707E+00 1.325E+04 1.826E+04 5.082E+03 3.659E+04 3.659E+04 1.552E+06 30.8516 1.00000
  6.000E+09 6.000E+09 3.721E+00 1.446E+04 1.992E+04 5.605E+03 3.998E+04 3.998E+04 1.565E+06 31.0256 1.00000
  7.000E+09 7.000E+09 3.744E+00 1.686E+04 2.324E+04 6.669E+03 4.677E+04 4.677E+04 1.589E+06 31.3339 1.00000
  8.000E+09 8.000E+09 3.776E+00 1.927E+04 2.656E+04 7.752E+03 5.358E+04 5.359E+04 1.609E+06 31.4455 1.00000
  9.000E+09 9.000E+09 3.794E+00 2.168E+04 2.987E+04 8.854E+03 6.041E+04 6.042E+04 1.626E+06 31.6811 1.00000
  1.000E+10 1.000E+10 3.811E+00 2.409E+04 3.319E+04 9.971E+03 6.726E+04 6.726E+04 1.642E+06 31.8918 1.00000
  1.200E+10 1.200E+10 3.839E+00 2.891E+04 3.983E+04 1.225E+04 8.099E+04 8.100E+04 1.669E+06 32.2565 1.00000
  1.400E+10 1.400E+10 3.864E+00 3.373E+04 4.647E+04 1.458E+04 9.478E+04 9.478E+04 1.692E+06 32.5648 1.00000
  1.700E+10 1.700E+10 3.895E+00 4.096E+04 5.642E+04 1.815E+04 1.155E+05 1.155E+05 1.721E+06 32.9531 1.00000
  2.000E+10 2.000E+10 3.921E+00 4.819E+04 6.638E+04 2.182E+04 1.364E+05 1.364E+05 1.745E+06 33.2781 1.00000
  2.500E+10 2.500E+10 3.957E+00 6.024E+04 8.296E+04 2.808E+04 1.713E+05 1.713E+05 1.778E+06 33.7244 1.00000
  3.000E+10 3.000E+10 3.987E+00 7.229E+04 9.955E+04 3.451E+04 2.063E+05 2.064E+05 1.804E+06 34.0891 1.00000
  3.500E+10 3.500E+10 4.012E+00 8.433E+04 1.161E+05 4.109E+04 2.416E+05 2.416E+05 1.827E+06 34.3974 1.00000
  4.000E+10 4.000E+10 4.034E+00 9.638E+04 1.327E+05 4.780E+04 2.769E+05 2.769E+05 1.846E+06 34.6644 1.00000
  4.500E+10 4.500E+10 4.054E+00 1.084E+05 1.493E+05 5.462E+04 3.124E+05 3.124E+05 1.863E+06 34.9000 1.00000
  5.000E+10 5.000E+10 4.072E+00 1.205E+05 1.659E+05 6.155E+04 3.479E+05 3.479E+05 1.879E+06 35.1107 1.00000
  5.500E+10 5.500E+10 4.088E+00 1.325E+05 1.825E+05 6.858E+04 3.836E+05 3.836E+05 1.892E+06 35.3013 1.00000
  6.000E+10 6.000E+10 4.103E+00 1.446E+05 1.991E+05 7.569E+04 4.193E+05 4.193E+05 1.905E+06 35.4753 1.00000
  7.000E+10 7.000E+10 4.129E+00 1.687E+05 2.322E+05 9.015E+04 4.910E+05 4.911E+05 1.927E+06 35.7837 1.00000
  8.000E+10 8.000E+10 4.152E+00 1.928E+05 2.654E+05 1.049E+05 5.631E+05 5.631E+05 1.946E+06 36.0507 1.00000
  9.000E+10 9.000E+10 4.172E+00 2.169E+05 2.986E+05 1.199E+05 6.353E+05 6.353E+05 1.963E+06 36.2863 1.00000
  1.000E+11 1.000E+11 4.191E+00 2.410E+05 3.317E+05 1.352E+05 7.078E+05 7.078E+05 1.978E+06 36.4970 1.00000
  1.200E+11 1.200E+11 4.223E+00 2.892E+05 3.980E+05 1.663E+05 8.534E+05 8.535E+05 2.003E+06 36.8616 1.00000
  1.400E+11 1.400E+11 4.250E+00 3.373E+05 4.643E+05 1.981E+05 9.998E+05 9.998E+05 2.025E+06 37.1699 1.00000
  1.700E+11 1.700E+11 4.284E+00 4.096E+05 5.638E+05 2.471E+05 1.221E+06 1.221E+06 2.052E+06 37.5583 1.00000
  2.000E+11 2.000E+11 4.314E+00 4.819E+05 6.632E+05 2.973E+05 1.442E+06 1.442E+06 2.075E+06 37.8833 1.00000
  2.500E+11 2.500E+11 4.354E+00 6.024E+05 8.290E+05 3.833E+05 1.815E+06 1.815E+06 2.106E+06 38.3296 1.00000
  3.000E+11 3.000E+11 4.387E+00 7.229E+05 9.947E+05 4.718E+05 2.189E+06 2.189E+06 2.131E+06 38.6942 1.00000
  3.500E+11 3.500E+11 4.416E+00 8.434E+05 1.160E+06 5.624E+05 2.566E+06 2.566E+06 2.153E+06 39.0025 1.00000
  4.000E+11 4.000E+11 4.441E+00 9.638E+05 1.326E+06 6.550E+05 2.945E+06 2.945E+06 2.171E+06 39.2696 1.00000
  4.500E+11 4.500E+11 4.463E+00 1.084E+06 1.492E+06 7.492E+05 3.325E+06 3.325E+06 2.187E+06 39.5052 1.00000
  5.000E+11 5.000E+11 4.482E+00 1.205E+06 1.657E+06 8.449E+05 3.707E+06 3.707E+06 2.201E+06 39.7159 1.00000
  5.500E+11 5.500E+11 4.500E+00 1.325E+06 1.823E+06 9.421E+05 4.091E+06 4.091E+06 2.214E+06 39.9065 1.00000
  6.000E+11 6.000E+11 4.517E+00 1.446E+06 1.989E+06 1.041E+06 4.475E+06 4.475E+06 2.226E+06 40.0805 1.00000
  7.000E+11 7.000E+11 4.546E+00 1.687E+06 2.320E+06 1.241E+06 5.248E+06 5.248E+06 2.246E+06 40.3888 1.00000
  8.000E+11 8.000E+11 4.572E+00 1.928E+06 2.651E+06 1.446E+06 6.025E+06 6.025E+06 2.264E+06 40.6559 1.00000
  9.000E+11 9.000E+11 4.594E+00 2.169E+06 2.983E+06 1.654E+06 6.806E+06 6.806E+06 2.280E+06 40.8914 1.00000
  1.000E+12 1.000E+12 4.615E+00 2.410E+06 3.314E+06 1.866E+06 7.590E+06 7.590E+06 2.294E+06 41.1022 1.00000
