 Incident particle is a Muon with M = 105.65839 MeV
 Index = 7: SiliconDioxide
      Absorber with <Z/A> = 0.49930
 Density effect computed following Fano (1963)
 Models for Radloss: brems =  KKP, pair =  KKP, photonuc = DRSS

 *** Table generated with PUMAS v1.10 ***

      T         p     Ionization  brems     pair     photonuc  Radloss    dE/dx   CSDA Range  delta   beta
    [MeV]    [MeV/c]  -----------------------[MeV cm^2/g]------------------------  [g/cm^2]
  1.000E+00 1.457E+01 4.038E+01 0.000E+00 0.000E+00 0.000E+00 0.000E+00 4.038E+01 1.238E-02  0.0000 0.13661
  1.200E+00 1.597E+01 3.498E+01 0.000E+00 0.000E+00 0.000E+00 0.000E+00 3.498E+01 1.772E-02  0.0000 0.14944
  1.400E+00 1.726E+01 3.096E+01 0.000E+00 0.000E+00 0.000E+00 0.000E+00 3.096E+01 2.381E-02  0.0000 0.16119
  1.700E+00 1.903E+01 2.653E+01 0.000E+00 0.000E+00 0.000E+00 0.000E+00 2.653E+01 3.430E-02  0.0000 0.17725
  2.000E+00 2.066E+01 2.331E+01 0.000E+00 0.000E+00 0.000E+00 0.000E+00 2.331E+01 4.639E-02  0.0000 0.19186
  2.500E+00 2.312E+01 1.950E+01 0.000E+00 0.000E+00 0.000E+00 0.000E+00 1.950E+01 6.994E-02  0.0000 0.21376
  3.000E+00 2.536E+01 1.686E+01 0.000E+00 0.000E+00 0.000E+00 0.000E+00 1.686E+01 9.759E-02  0.0000 0.23336
  3.500E+00 2.742E+01 1.491E+01 0.000E+00 0.000E+00 0.000E+00 0.000E+00 1.491E+01 1.292E-01  0.0000 0.25120
  4.000E+00 2.935E+01 1.341E+01 0.000E+00 0.000E+00 0.000E+00 0.000E+00 1.341E+01 1.646E-01  0.0000 0.26763
  4.500E+00 3.116E+01 1.221E+01 0.000E+00 0.000E+00 0.000E+00 0.000E+00 1.221E+01 2.037E-01  0.0000 0.28290
  5.000E+00 3.289E+01 1.124E+01 0.000E+00 0.000E+00 0.000E+00 0.000E+00 1.124E+01 2.464E-01  0.0000 0.29720
  5.500E+00 3.453E+01 1.043E+01 0.000E+00 0.000E+00 0.000E+00 0.000E+00 1.043E+01 2.927E-01  0.0000 0.31066
  6.000E+00 3.611E+01 9.741E+00 0.000E+00 0.000E+00 0.000E+00 0.000E+00 9.741E+00 3.423E-01  0.0000 0.32339
  7.000E+00 3.909E+01 8.643E+00 0.000E+00 0.000E+00 0.000E+00 0.000E+00 8.643E+00 4.515E-01  0.0000 0.34700
  8.000E+00 4.189E+01 7.800E+00 0.000E+00 0.000E+00 0.000E+00 0.000E+00 7.800E+00 5.734E-01  0.0000 0.36854
  9.000E+00 4.453E+01 7.133E+00 0.000E+00 0.000E+00 0.000E+00 0.000E+00 7.133E+00 7.076E-01  0.0000 0.38836
  1.000E+01 4.704E+01 6.591E+00 0.000E+00 0.000E+00 0.000E+00 0.000E+00 6.591E+00 8.536E-01  0.0000 0.40675
  1.200E+01 5.177E+01 5.763E+00 0.000E+00 0.000E+00 0.000E+00 0.000E+00 5.763E+00 1.179E+00  0.0000 0.43998
  1.400E+01 5.616E+01 5.158E+00 0.000E+00 0.000E+00 0.000E+00 0.000E+00 5.158E+00 1.546E+00  0.0000 0.46937
  1.700E+01 6.230E+01 4.506E+00 0.000E+00 0.000E+00 0.000E+00 0.000E+00 4.506E+00 2.170E+00  0.0000 0.50792
  2.000E+01 6.802E+01 4.041E+00 0.000E+00 0.000E+00 0.000E+00 0.000E+00 4.041E+00 2.874E+00  0.0000 0.54129
  2.500E+01 7.686E+01 3.506E+00 0.000E+00 0.000E+00 0.000E+00 0.000E+00 3.506E+00 4.206E+00  0.0000 0.58827
  3.000E+01 8.509E+01 3.145E+00 0.000E+00 0.000E+00 0.000E+00 0.000E+00 3.145E+00 5.714E+00  0.0000 0.62720
  3.500E+01 9.285E+01 2.886E+00 0.000E+00 0.000E+00 0.000E+00 0.000E+00 2.886E+00 7.375E+00  0.0000 0.66011
  4.000E+01 1.003E+02 2.691E+00 0.000E+00 0.000E+00 0.000E+00 0.000E+00 2.691E+00 9.171E+00  0.0000 0.68834
  4.500E+01 1.074E+02 2.540E+00 0.000E+00 0.000E+00 0.000E+00 0.000E+00 2.540E+00 1.108E+01  0.0000 0.71286
  5.000E+01 1.143E+02 2.420E+00 0.000E+00 0.000E+00 0.000E+00 0.000E+00 2.420E+00 1.310E+01  0.0009 0.73434
  5.500E+01 1.210E+02 2.323E+00 0.000E+00 0.000E+00 0.000E+00 0.000E+00 2.323E+00 1.521E+01  0.0028 0.75332
  6.000E+01 1.276E+02 2.242E+00 0.000E+00 0.000E+00 0.000E+00 0.000E+00 2.242E+00 1.740E+01  0.0056 0.77019
  7.000E+01 1.403E+02 2.118E+00 0.000E+00 0.000E+00 0.000E+00 0.000E+00 2.118E+00 2.199E+01  0.0135 0.79887
  8.000E+01 1.527E+02 2.028E+00 0.000E+00 0.000E+00 0.000E+00 0.000E+00 2.028E+00 2.682E+01  0.0240 0.82227
  9.000E+01 1.647E+02 1.960E+00 0.000E+00 0.000E+00 0.000E+00 0.000E+00 1.960E+00 3.184E+01  0.0365 0.84166
  1.000E+02 1.764E+02 1.908E+00 0.000E+00 0.000E+00 0.000E+00 0.000E+00 1.908E+00 3.701E+01  0.0507 0.85794
  1.200E+02 1.994E+02 1.834E+00 0.000E+00 0.000E+00 0.000E+00 0.000E+00 1.834E+00 4.770E+01  0.0827 0.88361
  1.400E+02 2.218E+02 1.787E+00 0.000E+00 0.000E+00 0.000E+00 0.000E+00 1.787E+00 5.875E+01  0.1182 0.90278
  1.700E+02 2.546E+02 1.745E+00 5.429E-06 2.692E-14 0.000E+00 5.429E-06 1.745E+00 7.573E+01  0.1754 0.92363
  2.000E+02 2.868E+02 1.722E+00 1.223E-05 6.020E-12 0.000E+00 1.223E-05 1.722E+00 9.304E+01  0.2349 0.93835
  2.500E+02 3.396E+02 1.706E+00 3.939E-05 1.166E-07 0.000E+00 3.951E-05 1.706E+00 1.222E+02  0.3357 0.95485
  3.000E+02 3.917E+02 1.704E+00 6.160E-05 1.089E-06 0.000E+00 6.269E-05 1.704E+00 1.515E+02  0.4354 0.96548
  3.500E+02 4.432E+02 1.708E+00 8.137E-05 3.031E-06 0.000E+00 8.440E-05 1.709E+00 1.808E+02  0.5326 0.97274
  4.000E+02 4.945E+02 1.716E+00 1.010E-04 5.901E-06 0.000E+00 1.069E-04 1.716E+00 2.100E+02  0.6264 0.97793
  4.500E+02 5.455E+02 1.726E+00 1.210E-04 9.664E-06 0.000E+00 1.307E-04 1.726E+00 2.391E+02  0.7168 0.98176
  5.000E+02 5.964E+02 1.736E+00 1.408E-04 1.429E-05 0.000E+00 1.551E-04 1.736E+00 2.680E+02  0.8037 0.98467
  5.500E+02 6.471E+02 1.746E+00 1.606E-04 1.974E-05 0.000E+00 1.804E-04 1.746E+00 2.967E+02  0.8872 0.98693
  6.000E+02 6.977E+02 1.756E+00 1.815E-04 2.600E-05 0.000E+00 2.075E-04 1.756E+00 3.252E+02  0.9675 0.98873
  7.000E+02 7.987E+02 1.776E+00 2.242E-04 4.082E-05 0.000E+00 2.651E-04 1.776E+00 3.819E+02  1.1192 0.99136
  8.000E+02 8.995E+02 1.795E+00 2.682E-04 5.854E-05 0.000E+00 3.267E-04 1.795E+00 4.379E+02  1.2603 0.99317
  9.000E+02 1.000E+03 1.812E+00 3.135E-04 7.898E-05 0.000E+00 3.925E-04 1.812E+00 4.933E+02  1.3921 0.99447
  1.000E+03 1.101E+03 1.828E+00 3.609E-04 1.020E-04 0.000E+00 4.628E-04 1.828E+00 5.482E+02  1.5157 0.99542
  1.200E+03 1.301E+03 1.857E+00 4.589E-04 1.550E-04 0.000E+00 6.139E-04 1.857E+00 6.568E+02  1.7415 0.99672
  1.400E+03 1.502E+03 1.881E+00 5.620E-04 2.167E-04 9.152E-06 7.878E-04 1.882E+00 7.638E+02  1.9436 0.99753
  1.700E+03 1.803E+03 1.913E+00 7.269E-04 3.235E-04 1.020E-04 1.152E-03 1.914E+00 9.218E+02  2.2114 0.99829
  2.000E+03 2.103E+03 1.939E+00 9.004E-04 4.456E-04 1.951E-04 1.541E-03 1.941E+00 1.077E+03  2.4459 0.99874
  2.500E+03 2.604E+03 1.976E+00 1.198E-03 6.785E-04 3.742E-04 2.251E-03 1.978E+00 1.333E+03  2.7819 0.99918
  3.000E+03 3.104E+03 2.005E+00 1.519E-03 9.429E-04 5.499E-04 3.011E-03 2.008E+00 1.584E+03  3.0673 0.99942
  3.500E+03 3.604E+03 2.030E+00 1.853E-03 1.234E-03 7.369E-04 3.824E-03 2.034E+00 1.831E+03  3.3157 0.99957
  4.000E+03 4.104E+03 2.051E+00 2.196E-03 1.564E-03 9.244E-04 4.684E-03 2.055E+00 2.076E+03  3.5360 0.99967
  4.500E+03 4.604E+03 2.069E+00 2.558E-03 1.920E-03 1.119E-03 5.597E-03 2.075E+00 2.318E+03  3.7340 0.99974
  5.000E+03 5.105E+03 2.085E+00 2.923E-03 2.298E-03 1.324E-03 6.545E-03 2.092E+00 2.558E+03  3.9140 0.99979
  5.500E+03 5.605E+03 2.100E+00 3.297E-03 2.694E-03 1.526E-03 7.517E-03 2.107E+00 2.796E+03  4.0790 0.99982
  6.000E+03 6.105E+03 2.113E+00 3.679E-03 3.108E-03 1.715E-03 8.502E-03 2.121E+00 3.032E+03  4.2313 0.99985
  7.000E+03 7.105E+03 2.135E+00 4.471E-03 3.982E-03 2.114E-03 1.057E-02 2.146E+00 3.501E+03  4.5051 0.99989
  8.000E+03 8.105E+03 2.155E+00 5.284E-03 4.912E-03 2.533E-03 1.273E-02 2.168E+00 3.965E+03  4.7459 0.99992
  9.000E+03 9.105E+03 2.172E+00 6.119E-03 5.891E-03 2.909E-03 1.492E-02 2.186E+00 4.424E+03  4.9609 0.99993
  1.000E+04 1.011E+04 2.186E+00 6.990E-03 6.914E-03 3.297E-03 1.720E-02 2.203E+00 4.880E+03  5.1552 0.99995
  1.200E+04 1.211E+04 2.211E+00 8.759E-03 9.073E-03 4.082E-03 2.191E-02 2.233E+00 5.781E+03  5.4954 0.99996
  1.400E+04 1.411E+04 2.232E+00 1.059E-02 1.136E-02 4.869E-03 2.682E-02 2.258E+00 6.672E+03  5.7866 0.99997
  1.700E+04 1.711E+04 2.257E+00 1.343E-02 1.500E-02 6.056E-03 3.449E-02 2.291E+00 7.991E+03  6.1576 0.99998
  2.000E+04 2.011E+04 2.277E+00 1.637E-02 1.884E-02 7.206E-03 4.242E-02 2.320E+00 9.292E+03  6.4711 0.99999
  2.500E+04 2.511E+04 2.305E+00 2.145E-02 2.561E-02 9.095E-03 5.616E-02 2.361E+00 1.143E+04  6.9055 0.99999
  3.000E+04 3.011E+04 2.326E+00 2.671E-02 3.276E-02 1.095E-02 7.042E-02 2.397E+00 1.353E+04  7.2629 0.99999
  3.500E+04 3.511E+04 2.344E+00 3.213E-02 4.020E-02 1.283E-02 8.515E-02 2.429E+00 1.560E+04  7.5666 1.00000
  4.000E+04 4.011E+04 2.359E+00 3.766E-02 4.789E-02 1.469E-02 1.002E-01 2.460E+00 1.765E+04  7.8305 1.00000
  4.500E+04 4.511E+04 2.373E+00 4.331E-02 5.579E-02 1.653E-02 1.156E-01 2.488E+00 1.967E+04  8.0638 1.00000
  5.000E+04 5.011E+04 2.384E+00 4.909E-02 6.388E-02 1.836E-02 1.313E-01 2.516E+00 2.167E+04  8.2728 1.00000
  5.500E+04 5.511E+04 2.395E+00 5.492E-02 7.213E-02 2.021E-02 1.473E-01 2.542E+00 2.365E+04  8.4621 1.00000
  6.000E+04 6.011E+04 2.404E+00 6.083E-02 8.053E-02 2.205E-02 1.634E-01 2.568E+00 2.560E+04  8.6351 1.00000
  7.000E+04 7.011E+04 2.421E+00 7.285E-02 9.768E-02 2.569E-02 1.962E-01 2.617E+00 2.946E+04  8.9419 1.00000
  8.000E+04 8.011E+04 2.435E+00 8.512E-02 1.153E-01 2.935E-02 2.297E-01 2.665E+00 3.325E+04  9.2079 1.00000
  9.000E+04 9.011E+04 2.448E+00 9.758E-02 1.332E-01 3.302E-02 2.638E-01 2.711E+00 3.697E+04  9.4427 1.00000
  1.000E+05 1.001E+05 2.459E+00 1.102E-01 1.514E-01 3.662E-02 2.983E-01 2.757E+00 4.062E+04  9.6529 1.00000
  1.200E+05 1.201E+05 2.478E+00 1.359E-01 1.887E-01 4.395E-02 3.686E-01 2.846E+00 4.777E+04 10.0168 1.00000
  1.400E+05 1.401E+05 2.494E+00 1.622E-01 2.267E-01 5.129E-02 4.402E-01 2.934E+00 5.469E+04 10.3245 1.00000
  1.700E+05 1.701E+05 2.514E+00 2.023E-01 2.850E-01 6.232E-02 5.496E-01 3.063E+00 6.470E+04 10.7124 1.00000
  2.000E+05 2.001E+05 2.530E+00 2.432E-01 3.443E-01 7.342E-02 6.609E-01 3.191E+00 7.429E+04 11.0371 1.00000
  2.500E+05 2.501E+05 2.553E+00 3.127E-01 4.451E-01 9.201E-02 8.498E-01 3.403E+00 8.947E+04 11.4830 1.00000
  3.000E+05 3.001E+05 2.572E+00 3.834E-01 5.477E-01 1.108E-01 1.042E+00 3.614E+00 1.037E+05 11.8475 1.00000
  3.500E+05 3.501E+05 2.588E+00 4.552E-01 6.516E-01 1.297E-01 1.236E+00 3.824E+00 1.172E+05 12.1556 1.00000
  4.000E+05 4.001E+05 2.601E+00 5.278E-01 7.565E-01 1.489E-01 1.433E+00 4.034E+00 1.299E+05 12.4226 1.00000
  4.500E+05 4.501E+05 2.613E+00 6.011E-01 8.623E-01 1.681E-01 1.631E+00 4.245E+00 1.420E+05 12.6581 1.00000
  5.000E+05 5.001E+05 2.624E+00 6.750E-01 9.687E-01 1.875E-01 1.831E+00 4.455E+00 1.535E+05 12.8687 1.00000
  5.500E+05 5.501E+05 2.634E+00 7.494E-01 1.076E+00 2.068E-01 2.032E+00 4.666E+00 1.645E+05 13.0593 1.00000
  6.000E+05 6.001E+05 2.643E+00 8.243E-01 1.183E+00 2.262E-01 2.234E+00 4.877E+00 1.750E+05 13.2333 1.00000
  7.000E+05 7.001E+05 2.659E+00 9.753E-01 1.400E+00 2.653E-01 2.640E+00 5.299E+00 1.947E+05 13.5415 1.00000
  8.000E+05 8.001E+05 2.673E+00 1.128E+00 1.617E+00 3.049E-01 3.050E+00 5.723E+00 2.128E+05 13.8085 1.00000
  9.000E+05 9.001E+05 2.685E+00 1.281E+00 1.836E+00 3.450E-01 3.462E+00 6.147E+00 2.297E+05 14.0441 1.00000
  1.000E+06 1.000E+06 2.696E+00 1.435E+00 2.056E+00 3.854E-01 3.876E+00 6.572E+00 2.454E+05 14.2548 1.00000
  1.200E+06 1.200E+06 2.715E+00 1.746E+00 2.497E+00 4.672E-01 4.711E+00 7.426E+00 2.741E+05 14.6194 1.00000
  1.400E+06 1.400E+06 2.731E+00 2.060E+00 2.941E+00 5.503E-01 5.551E+00 8.282E+00 2.997E+05 14.9276 1.00000
  1.700E+06 1.700E+06 2.752E+00 2.533E+00 3.610E+00 6.770E-01 6.820E+00 9.572E+00 3.334E+05 15.3159 1.00000
  2.000E+06 2.000E+06 2.769E+00 3.010E+00 4.281E+00 8.058E-01 8.097E+00 1.087E+01 3.629E+05 15.6409 1.00000
  2.500E+06 2.500E+06 2.793E+00 3.811E+00 5.404E+00 1.025E+00 1.024E+01 1.303E+01 4.051E+05 16.0872 1.00000
  3.000E+06 3.000E+06 2.813E+00 4.616E+00 6.531E+00 1.248E+00 1.240E+01 1.521E+01 4.407E+05 16.4518 1.00000
  3.500E+06 3.500E+06 2.830E+00 5.426E+00 7.661E+00 1.475E+00 1.456E+01 1.739E+01 4.715E+05 16.7601 1.00000
  4.000E+06 4.000E+06 2.845E+00 6.238E+00 8.794E+00 1.706E+00 1.674E+01 1.958E+01 4.987E+05 17.0272 1.00000
  4.500E+06 4.500E+06 2.858E+00 7.053E+00 9.927E+00 1.939E+00 1.892E+01 2.178E+01 5.229E+05 17.2627 1.00000
  5.000E+06 5.000E+06 2.869E+00 7.870E+00 1.106E+01 2.175E+00 2.111E+01 2.398E+01 5.448E+05 17.4735 1.00000
  5.500E+06 5.500E+06 2.880E+00 8.688E+00 1.220E+01 2.414E+00 2.330E+01 2.618E+01 5.648E+05 17.6641 1.00000
  6.000E+06 6.000E+06 2.890E+00 9.508E+00 1.334E+01 2.655E+00 2.550E+01 2.839E+01 5.832E+05 17.8381 1.00000
  7.000E+06 7.000E+06 2.907E+00 1.115E+01 1.561E+01 3.144E+00 2.991E+01 3.281E+01 6.160E+05 18.1464 1.00000
  8.000E+06 8.000E+06 2.922E+00 1.280E+01 1.789E+01 3.640E+00 3.433E+01 3.725E+01 6.447E+05 18.4135 1.00000
  9.000E+06 9.000E+06 2.935E+00 1.445E+01 2.017E+01 4.143E+00 3.876E+01 4.170E+01 6.701E+05 18.6490 1.00000
  1.000E+07 1.000E+07 2.947E+00 1.610E+01 2.245E+01 4.652E+00 4.321E+01 4.616E+01 6.929E+05 18.8597 1.00000
  1.200E+07 1.200E+07 2.968E+00 1.941E+01 2.702E+01 5.686E+00 5.212E+01 5.509E+01 7.327E+05 19.2244 1.00000
  1.400E+07 1.400E+07 2.986E+00 2.273E+01 3.159E+01 6.740E+00 6.107E+01 6.405E+01 7.665E+05 19.5327 1.00000
  1.700E+07 1.700E+07 3.009E+00 2.772E+01 3.846E+01 8.352E+00 7.453E+01 7.753E+01 8.093E+05 19.9210 1.00000
  2.000E+07 2.000E+07 3.028E+00 3.271E+01 4.532E+01 9.996E+00 8.803E+01 9.106E+01 8.451E+05 20.2460 1.00000
  2.500E+07 2.500E+07 3.055E+00 4.104E+01 5.677E+01 1.280E+01 1.106E+02 1.137E+02 8.945E+05 20.6923 1.00000
  3.000E+07 3.000E+07 3.077E+00 4.939E+01 6.823E+01 1.566E+01 1.333E+02 1.364E+02 9.349E+05 21.0569 1.00000
  3.500E+07 3.500E+07 3.095E+00 5.774E+01 7.969E+01 1.858E+01 1.560E+02 1.591E+02 9.689E+05 21.3652 1.00000
  4.000E+07 4.000E+07 3.112E+00 6.610E+01 9.115E+01 2.155E+01 1.788E+02 1.819E+02 9.984E+05 21.6323 1.00000
  4.500E+07 4.500E+07 3.126E+00 7.446E+01 1.026E+02 2.457E+01 2.016E+02 2.048E+02 1.024E+06 21.8679 1.00000
  5.000E+07 5.000E+07 3.139E+00 8.282E+01 1.141E+02 2.762E+01 2.245E+02 2.277E+02 1.048E+06 22.0786 1.00000
  5.500E+07 5.500E+07 3.151E+00 9.119E+01 1.255E+02 3.071E+01 2.474E+02 2.506E+02 1.068E+06 22.2692 1.00000
  6.000E+07 6.000E+07 3.162E+00 9.956E+01 1.370E+02 3.383E+01 2.704E+02 2.736E+02 1.088E+06 22.4432 1.00000
  7.000E+07 7.000E+07 3.181E+00 1.163E+02 1.599E+02 4.016E+01 3.164E+02 3.196E+02 1.122E+06 22.7515 1.00000
  8.000E+07 8.000E+07 3.198E+00 1.331E+02 1.829E+02 4.659E+01 3.625E+02 3.657E+02 1.151E+06 23.0186 1.00000
  9.000E+07 9.000E+07 3.213E+00 1.498E+02 2.058E+02 5.312E+01 4.088E+02 4.120E+02 1.177E+06 23.2542 1.00000
  1.000E+08 1.000E+08 3.226E+00 1.666E+02 2.288E+02 5.974E+01 4.551E+02 4.583E+02 1.200E+06 23.4649 1.00000
  1.200E+08 1.200E+08 3.249E+00 2.001E+02 2.747E+02 7.321E+01 5.480E+02 5.512E+02 1.240E+06 23.8295 1.00000
  1.400E+08 1.400E+08 3.269E+00 2.336E+02 3.206E+02 8.694E+01 6.411E+02 6.444E+02 1.273E+06 24.1378 1.00000
  1.700E+08 1.700E+08 3.295E+00 2.840E+02 3.894E+02 1.080E+02 7.814E+02 7.846E+02 1.316E+06 24.5261 1.00000
  2.000E+08 2.000E+08 3.316E+00 3.343E+02 4.583E+02 1.295E+02 9.220E+02 9.253E+02 1.351E+06 24.8512 1.00000
  2.500E+08 2.500E+08 3.345E+00 4.182E+02 5.730E+02 1.661E+02 1.157E+03 1.161E+03 1.400E+06 25.2975 1.00000
  3.000E+08 3.000E+08 3.370E+00 5.021E+02 6.878E+02 2.037E+02 1.394E+03 1.397E+03 1.439E+06 25.6621 1.00000
  3.500E+08 3.500E+08 3.391E+00 5.860E+02 8.025E+02 2.420E+02 1.631E+03 1.634E+03 1.472E+06 25.9704 1.00000
  4.000E+08 4.000E+08 3.409E+00 6.699E+02 9.173E+02 2.810E+02 1.868E+03 1.872E+03 1.501E+06 26.2375 1.00000
  4.500E+08 4.500E+08 3.425E+00 7.539E+02 1.032E+03 3.206E+02 2.106E+03 2.110E+03 1.526E+06 26.4730 1.00000
  5.000E+08 5.000E+08 3.439E+00 8.378E+02 1.147E+03 3.607E+02 2.345E+03 2.349E+03 1.549E+06 26.6838 1.00000
  5.500E+08 5.500E+08 3.453E+00 9.217E+02 1.262E+03 4.013E+02 2.585E+03 2.588E+03 1.569E+06 26.8744 1.00000
  6.000E+08 6.000E+08 3.465E+00 1.006E+03 1.376E+03 4.424E+02 2.824E+03 2.828E+03 1.587E+06 27.0484 1.00000
  7.000E+08 7.000E+08 3.486E+00 1.174E+03 1.606E+03 5.258E+02 3.305E+03 3.309E+03 1.620E+06 27.3567 1.00000
  8.000E+08 8.000E+08 3.505E+00 1.341E+03 1.835E+03 6.107E+02 3.787E+03 3.791E+03 1.648E+06 27.6237 1.00000
  9.000E+08 9.000E+08 3.522E+00 1.509E+03 2.065E+03 6.969E+02 4.271E+03 4.275E+03 1.673E+06 27.8592 1.00000
  1.000E+09 1.000E+09 3.537E+00 1.677E+03 2.294E+03 7.843E+02 4.756E+03 4.759E+03 1.696E+06 28.0699 1.00000
  1.200E+09 1.200E+09 3.563E+00 2.013E+03 2.753E+03 9.623E+02 5.729E+03 5.732E+03 1.734E+06 28.4346 1.00000
  1.400E+09 1.400E+09 3.585E+00 2.349E+03 3.212E+03 1.144E+03 6.705E+03 6.709E+03 1.766E+06 28.7425 1.00000
  1.700E+09 1.700E+09 3.613E+00 2.853E+03 3.901E+03 1.423E+03 8.176E+03 8.180E+03 1.807E+06 29.1308 1.00000
  2.000E+09 2.000E+09 3.637E+00 3.356E+03 4.589E+03 1.708E+03 9.653E+03 9.657E+03 1.841E+06 29.4543 1.00000
  2.500E+09 2.500E+09 3.670E+00 4.196E+03 5.737E+03 2.195E+03 1.213E+04 1.213E+04 1.887E+06 29.9006 1.00000
  3.000E+09 3.000E+09 3.698E+00 5.035E+03 6.884E+03 2.694E+03 1.461E+04 1.462E+04 1.925E+06 30.2588 1.00000
  3.500E+09 3.500E+09 3.721E+00 5.875E+03 8.031E+03 3.204E+03 1.711E+04 1.711E+04 1.957E+06 30.5671 1.00000
  4.000E+09 4.000E+09 3.742E+00 6.714E+03 9.178E+03 3.724E+03 1.962E+04 1.962E+04 1.984E+06 30.8341 1.00000
  4.500E+09 4.500E+09 3.762E+00 7.554E+03 1.033E+04 4.252E+03 2.213E+04 2.213E+04 2.008E+06 31.0405 1.00000
  5.000E+09 5.000E+09 3.778E+00 8.393E+03 1.147E+04 4.787E+03 2.465E+04 2.466E+04 2.030E+06 31.2513 1.00000
  5.500E+09 5.500E+09 3.793E+00 9.233E+03 1.262E+04 5.330E+03 2.718E+04 2.719E+04 2.049E+06 31.4419 1.00000
  6.000E+09 6.000E+09 3.806E+00 1.007E+04 1.377E+04 5.879E+03 2.972E+04 2.972E+04 2.067E+06 31.6159 1.00000
  7.000E+09 7.000E+09 3.830E+00 1.175E+04 1.606E+04 6.994E+03 3.481E+04 3.481E+04 2.098E+06 31.9242 1.00000
  8.000E+09 8.000E+09 3.863E+00 1.343E+04 1.835E+04 8.131E+03 3.992E+04 3.992E+04 2.125E+06 32.0358 1.00000
  9.000E+09 9.000E+09 3.882E+00 1.511E+04 2.065E+04 9.286E+03 4.504E+04 4.505E+04 2.148E+06 32.2714 1.00000
  1.000E+10 1.000E+10 3.899E+00 1.679E+04 2.294E+04 1.046E+04 5.019E+04 5.019E+04 2.169E+06 32.4821 1.00000
  1.200E+10 1.200E+10 3.928E+00 2.015E+04 2.753E+04 1.285E+04 6.052E+04 6.053E+04 2.206E+06 32.8467 1.00000
  1.400E+10 1.400E+10 3.953E+00 2.351E+04 3.212E+04 1.529E+04 7.091E+04 7.092E+04 2.236E+06 33.1550 1.00000
  1.700E+10 1.700E+10 3.984E+00 2.854E+04 3.900E+04 1.904E+04 8.658E+04 8.658E+04 2.275E+06 33.5433 1.00000
  2.000E+10 2.000E+10 4.011E+00 3.358E+04 4.588E+04 2.288E+04 1.023E+05 1.023E+05 2.307E+06 33.8684 1.00000
  2.500E+10 2.500E+10 4.048E+00 4.198E+04 5.734E+04 2.945E+04 1.288E+05 1.288E+05 2.351E+06 34.3147 1.00000
  3.000E+10 3.000E+10 4.079E+00 5.037E+04 6.881E+04 3.620E+04 1.554E+05 1.554E+05 2.386E+06 34.6793 1.00000
  3.500E+10 3.500E+10 4.105E+00 5.877E+04 8.027E+04 4.310E+04 1.821E+05 1.821E+05 2.416E+06 34.9876 1.00000
  4.000E+10 4.000E+10 4.127E+00 6.716E+04 9.174E+04 5.014E+04 2.090E+05 2.090E+05 2.442E+06 35.2547 1.00000
  4.500E+10 4.500E+10 4.148E+00 7.556E+04 1.032E+05 5.729E+04 2.360E+05 2.361E+05 2.464E+06 35.4902 1.00000
  5.000E+10 5.000E+10 4.166E+00 8.395E+04 1.147E+05 6.456E+04 2.632E+05 2.632E+05 2.484E+06 35.7010 1.00000
  5.500E+10 5.500E+10 4.182E+00 9.235E+04 1.261E+05 7.193E+04 2.904E+05 2.904E+05 2.502E+06 35.8916 1.00000
  6.000E+10 6.000E+10 4.197E+00 1.007E+05 1.376E+05 7.939E+04 3.177E+05 3.177E+05 2.519E+06 36.0656 1.00000
  7.000E+10 7.000E+10 4.224E+00 1.175E+05 1.605E+05 9.456E+04 3.726E+05 3.726E+05 2.548E+06 36.3739 1.00000
  8.000E+10 8.000E+10 4.248E+00 1.343E+05 1.834E+05 1.100E+05 4.278E+05 4.278E+05 2.573E+06 36.6410 1.00000
  9.000E+10 9.000E+10 4.268E+00 1.511E+05 2.064E+05 1.258E+05 4.832E+05 4.832E+05 2.595E+06 36.8765 1.00000
  1.000E+11 1.000E+11 4.287E+00 1.679E+05 2.293E+05 1.418E+05 5.389E+05 5.389E+05 2.615E+06 37.0873 1.00000
  1.200E+11 1.200E+11 4.320E+00 2.015E+05 2.751E+05 1.744E+05 6.510E+05 6.510E+05 2.649E+06 37.4519 1.00000
  1.400E+11 1.400E+11 4.348E+00 2.351E+05 3.209E+05 2.078E+05 7.638E+05 7.638E+05 2.677E+06 37.7602 1.00000
  1.700E+11 1.700E+11 4.383E+00 2.854E+05 3.897E+05 2.591E+05 9.343E+05 9.343E+05 2.713E+06 38.1485 1.00000
  2.000E+11 2.000E+11 4.413E+00 3.358E+05 4.584E+05 3.118E+05 1.106E+06 1.106E+06 2.743E+06 38.4735 1.00000
  2.500E+11 2.500E+11 4.454E+00 4.198E+05 5.730E+05 4.020E+05 1.395E+06 1.395E+06 2.783E+06 38.9198 1.00000
  3.000E+11 3.000E+11 4.488E+00 5.037E+05 6.875E+05 4.948E+05 1.686E+06 1.686E+06 2.816E+06 39.2845 1.00000
  3.500E+11 3.500E+11 4.517E+00 5.877E+05 8.021E+05 5.899E+05 1.980E+06 1.980E+06 2.843E+06 39.5928 1.00000
  4.000E+11 4.000E+11 4.543E+00 6.716E+05 9.166E+05 6.870E+05 2.275E+06 2.275E+06 2.867E+06 39.8598 1.00000
  4.500E+11 4.500E+11 4.565E+00 7.556E+05 1.031E+06 7.858E+05 2.572E+06 2.572E+06 2.888E+06 40.0954 1.00000
  5.000E+11 5.000E+11 4.585E+00 8.395E+05 1.146E+06 8.862E+05 2.871E+06 2.871E+06 2.906E+06 40.3061 1.00000
  5.500E+11 5.500E+11 4.604E+00 9.235E+05 1.260E+06 9.881E+05 3.172E+06 3.172E+06 2.923E+06 40.4967 1.00000
  6.000E+11 6.000E+11 4.620E+00 1.007E+06 1.375E+06 1.091E+06 3.473E+06 3.473E+06 2.938E+06 40.6708 1.00000
  7.000E+11 7.000E+11 4.650E+00 1.175E+06 1.604E+06 1.302E+06 4.081E+06 4.081E+06 2.964E+06 40.9791 1.00000
  8.000E+11 8.000E+11 4.677E+00 1.343E+06 1.833E+06 1.516E+06 4.692E+06 4.692E+06 2.987E+06 41.2461 1.00000
  9.000E+11 9.000E+11 4.700E+00 1.511E+06 2.062E+06 1.735E+06 5.308E+06 5.308E+06 3.007E+06 41.4817 1.00000
  1.000E+12 1.000E+12 4.721E+00 1.679E+06 2.291E+06 1.957E+06 5.927E+06 5.927E+06 3.025E+06 41.6924 1.00000
