 Incident particle is a Muon with M = 105.65839 MeV
 Index = 9: TitaniumDioxide
      Absorber with <Z/A> = 0.47580
 Density effect computed following Fano (1963)
 Models for Radloss: brems =  KKP, pair =  KKP, photonuc = DRSS

 *** Table generated with PUMAS v1.10 ***

      T         p     Ionization  brems     pair     photonuc  Radloss    dE/dx   CSDA Range  delta   beta
    [MeV]    [MeV/c]  -----------------------[MeV cm^2/g]------------------------  [g/cm^2]
  1.000E+00 1.457E+01 3.649E+01 0.000E+00 0.000E+00 0.000E+00 0.000E+00 3.649E+01 1.370E-02  0.0006 0.13661
  1.200E+00 1.597E+01 3.167E+01 0.000E+00 0.000E+00 0.000E+00 0.000E+00 3.167E+01 1.960E-02  0.0007 0.14944
  1.400E+00 1.726E+01 2.807E+01 0.000E+00 0.000E+00 0.000E+00 0.000E+00 2.807E+01 2.632E-02  0.0007 0.16119
  1.700E+00 1.903E+01 2.410E+01 0.000E+00 0.000E+00 0.000E+00 0.000E+00 2.410E+01 3.789E-02  0.0008 0.17725
  2.000E+00 2.066E+01 2.120E+01 0.000E+00 0.000E+00 0.000E+00 0.000E+00 2.120E+01 5.119E-02  0.0009 0.19186
  2.500E+00 2.312E+01 1.777E+01 0.000E+00 0.000E+00 0.000E+00 0.000E+00 1.777E+01 7.705E-02  0.0011 0.21376
  3.000E+00 2.536E+01 1.538E+01 0.000E+00 0.000E+00 0.000E+00 0.000E+00 1.538E+01 1.074E-01  0.0013 0.23336
  3.500E+00 2.742E+01 1.362E+01 0.000E+00 0.000E+00 0.000E+00 0.000E+00 1.362E+01 1.420E-01  0.0015 0.25120
  4.000E+00 2.935E+01 1.226E+01 0.000E+00 0.000E+00 0.000E+00 0.000E+00 1.226E+01 1.808E-01  0.0018 0.26763
  4.500E+00 3.116E+01 1.117E+01 0.000E+00 0.000E+00 0.000E+00 0.000E+00 1.117E+01 2.235E-01  0.0020 0.28290
  5.000E+00 3.289E+01 1.029E+01 0.000E+00 0.000E+00 0.000E+00 0.000E+00 1.029E+01 2.702E-01  0.0023 0.29720
  5.500E+00 3.453E+01 9.549E+00 0.000E+00 0.000E+00 0.000E+00 0.000E+00 9.549E+00 3.207E-01  0.0025 0.31066
  6.000E+00 3.611E+01 8.925E+00 0.000E+00 0.000E+00 0.000E+00 0.000E+00 8.925E+00 3.749E-01  0.0028 0.32339
  7.000E+00 3.909E+01 7.925E+00 0.000E+00 0.000E+00 0.000E+00 0.000E+00 7.925E+00 4.940E-01  0.0034 0.34700
  8.000E+00 4.189E+01 7.158E+00 0.000E+00 0.000E+00 0.000E+00 0.000E+00 7.158E+00 6.270E-01  0.0041 0.36854
  9.000E+00 4.453E+01 6.549E+00 0.000E+00 0.000E+00 0.000E+00 0.000E+00 6.549E+00 7.732E-01  0.0048 0.38836
  1.000E+01 4.704E+01 6.054E+00 0.000E+00 0.000E+00 0.000E+00 0.000E+00 6.054E+00 9.321E-01  0.0056 0.40675
  1.200E+01 5.177E+01 5.297E+00 0.000E+00 0.000E+00 0.000E+00 0.000E+00 5.297E+00 1.286E+00  0.0072 0.43998
  1.400E+01 5.616E+01 4.744E+00 0.000E+00 0.000E+00 0.000E+00 0.000E+00 4.744E+00 1.686E+00  0.0091 0.46937
  1.700E+01 6.230E+01 4.146E+00 0.000E+00 0.000E+00 0.000E+00 0.000E+00 4.146E+00 2.364E+00  0.0121 0.50792
  2.000E+01 6.802E+01 3.720E+00 0.000E+00 0.000E+00 0.000E+00 0.000E+00 3.720E+00 3.129E+00  0.0156 0.54129
  2.500E+01 7.686E+01 3.229E+00 0.000E+00 0.000E+00 0.000E+00 0.000E+00 3.229E+00 4.575E+00  0.0219 0.58827
  3.000E+01 8.509E+01 2.897E+00 0.000E+00 0.000E+00 0.000E+00 0.000E+00 2.897E+00 6.212E+00  0.0291 0.62720
  3.500E+01 9.285E+01 2.658E+00 0.000E+00 0.000E+00 0.000E+00 0.000E+00 2.658E+00 8.016E+00  0.0368 0.66011
  4.000E+01 1.003E+02 2.479E+00 0.000E+00 0.000E+00 0.000E+00 0.000E+00 2.479E+00 9.965E+00  0.0452 0.68834
  4.500E+01 1.074E+02 2.340E+00 0.000E+00 0.000E+00 0.000E+00 0.000E+00 2.340E+00 1.204E+01  0.0540 0.71286
  5.000E+01 1.143E+02 2.229E+00 0.000E+00 0.000E+00 0.000E+00 0.000E+00 2.229E+00 1.423E+01  0.0632 0.73434
  5.500E+01 1.210E+02 2.139E+00 0.000E+00 0.000E+00 0.000E+00 0.000E+00 2.139E+00 1.652E+01  0.0729 0.75332
  6.000E+01 1.276E+02 2.065E+00 0.000E+00 0.000E+00 0.000E+00 0.000E+00 2.065E+00 1.890E+01  0.0829 0.77019
  7.000E+01 1.403E+02 1.950E+00 0.000E+00 0.000E+00 0.000E+00 0.000E+00 1.950E+00 2.389E+01  0.1038 0.79887
  8.000E+01 1.527E+02 1.866E+00 0.000E+00 0.000E+00 0.000E+00 0.000E+00 1.866E+00 2.913E+01  0.1256 0.82227
  9.000E+01 1.647E+02 1.804E+00 0.000E+00 0.000E+00 0.000E+00 0.000E+00 1.804E+00 3.458E+01  0.1483 0.84166
  1.000E+02 1.764E+02 1.755E+00 0.000E+00 0.000E+00 0.000E+00 0.000E+00 1.755E+00 4.020E+01  0.1716 0.85794
  1.200E+02 1.994E+02 1.688E+00 0.000E+00 0.000E+00 0.000E+00 0.000E+00 1.688E+00 5.183E+01  0.2195 0.88361
  1.400E+02 2.218E+02 1.644E+00 0.000E+00 0.000E+00 0.000E+00 0.000E+00 1.644E+00 6.383E+01  0.2687 0.90278
  1.700E+02 2.546E+02 1.605E+00 4.083E-06 2.025E-14 0.000E+00 4.083E-06 1.605E+00 8.230E+01  0.3437 0.92363
  2.000E+02 2.868E+02 1.584E+00 9.198E-06 4.528E-12 0.000E+00 9.198E-06 1.584E+00 1.011E+02  0.4189 0.93835
  2.500E+02 3.396E+02 1.569E+00 1.582E-05 3.718E-08 0.000E+00 1.586E-05 1.569E+00 1.328E+02  0.5420 0.95485
  3.000E+02 3.917E+02 1.566E+00 5.653E-05 1.442E-06 0.000E+00 5.798E-05 1.566E+00 1.647E+02  0.6603 0.96548
  3.500E+02 4.432E+02 1.570E+00 8.977E-05 4.177E-06 0.000E+00 9.395E-05 1.570E+00 1.966E+02  0.7728 0.97274
  4.000E+02 4.945E+02 1.577E+00 1.188E-04 8.204E-06 0.000E+00 1.270E-04 1.577E+00 2.284E+02  0.8790 0.97793
  4.500E+02 5.455E+02 1.586E+00 1.473E-04 1.350E-05 0.000E+00 1.608E-04 1.586E+00 2.600E+02  0.9793 0.98176
  5.000E+02 5.964E+02 1.595E+00 1.755E-04 2.001E-05 0.000E+00 1.955E-04 1.595E+00 2.914E+02  1.0738 0.98467
  5.500E+02 6.471E+02 1.605E+00 2.019E-04 2.771E-05 0.000E+00 2.296E-04 1.605E+00 3.227E+02  1.1631 0.98693
  6.000E+02 6.977E+02 1.615E+00 2.311E-04 3.654E-05 0.000E+00 2.676E-04 1.615E+00 3.537E+02  1.2476 0.98873
  7.000E+02 7.987E+02 1.634E+00 2.869E-04 5.746E-05 0.000E+00 3.443E-04 1.634E+00 4.153E+02  1.4037 0.99136
  8.000E+02 8.995E+02 1.651E+00 3.474E-04 8.250E-05 0.000E+00 4.299E-04 1.652E+00 4.762E+02  1.5454 0.99317
  9.000E+02 1.000E+03 1.668E+00 4.086E-04 1.114E-04 0.000E+00 5.200E-04 1.669E+00 5.364E+02  1.6749 0.99447
  1.000E+03 1.101E+03 1.684E+00 4.715E-04 1.439E-04 0.000E+00 6.153E-04 1.685E+00 5.960E+02  1.7943 0.99542
  1.200E+03 1.301E+03 1.712E+00 6.057E-04 2.189E-04 0.000E+00 8.246E-04 1.713E+00 7.138E+02  2.0085 0.99672
  1.400E+03 1.502E+03 1.737E+00 7.433E-04 3.061E-04 9.089E-06 1.059E-03 1.738E+00 8.297E+02  2.1973 0.99753
  1.700E+03 1.803E+03 1.768E+00 9.611E-04 4.573E-04 1.012E-04 1.520E-03 1.770E+00 1.001E+03  2.4454 0.99829
  2.000E+03 2.103E+03 1.795E+00 1.194E-03 6.301E-04 1.934E-04 2.018E-03 1.797E+00 1.169E+03  2.6627 0.99874
  2.500E+03 2.604E+03 1.831E+00 1.601E-03 9.595E-04 3.705E-04 2.931E-03 1.834E+00 1.444E+03  2.9767 0.99918
  3.000E+03 3.104E+03 1.860E+00 2.023E-03 1.334E-03 5.439E-04 3.901E-03 1.864E+00 1.715E+03  3.2474 0.99942
  3.500E+03 3.604E+03 1.884E+00 2.481E-03 1.746E-03 7.280E-04 4.955E-03 1.889E+00 1.981E+03  3.4865 0.99957
  4.000E+03 4.104E+03 1.905E+00 2.942E-03 2.205E-03 9.125E-04 6.059E-03 1.911E+00 2.244E+03  3.7007 0.99967
  4.500E+03 4.604E+03 1.923E+00 3.418E-03 2.700E-03 1.103E-03 7.221E-03 1.930E+00 2.505E+03  3.8949 0.99974
  5.000E+03 5.105E+03 1.938E+00 3.907E-03 3.223E-03 1.305E-03 8.435E-03 1.947E+00 2.763E+03  4.0724 0.99979
  5.500E+03 5.605E+03 1.952E+00 4.427E-03 3.773E-03 1.503E-03 9.703E-03 1.962E+00 3.019E+03  4.2358 0.99982
  6.000E+03 6.105E+03 1.965E+00 4.942E-03 4.346E-03 1.688E-03 1.098E-02 1.976E+00 3.273E+03  4.3870 0.99985
  7.000E+03 7.105E+03 1.987E+00 6.006E-03 5.556E-03 2.079E-03 1.364E-02 2.000E+00 3.776E+03  4.6592 0.99989
  8.000E+03 8.105E+03 2.005E+00 7.101E-03 6.842E-03 2.489E-03 1.643E-02 2.021E+00 4.273E+03  4.8988 0.99992
  9.000E+03 9.105E+03 2.021E+00 8.226E-03 8.194E-03 2.856E-03 1.928E-02 2.040E+00 4.765E+03  5.1127 0.99993
  1.000E+04 1.011E+04 2.035E+00 9.378E-03 9.606E-03 3.235E-03 2.222E-02 2.057E+00 5.253E+03  5.3058 0.99995
  1.200E+04 1.211E+04 2.059E+00 1.179E-02 1.258E-02 4.001E-03 2.837E-02 2.087E+00 6.218E+03  5.6432 0.99996
  1.400E+04 1.411E+04 2.079E+00 1.426E-02 1.574E-02 4.768E-03 3.476E-02 2.114E+00 7.171E+03  5.9313 0.99997
  1.700E+04 1.711E+04 2.103E+00 1.809E-02 2.074E-02 5.925E-03 4.475E-02 2.148E+00 8.579E+03  6.2975 0.99998
  2.000E+04 2.011E+04 2.123E+00 2.205E-02 2.602E-02 7.043E-03 5.511E-02 2.178E+00 9.966E+03  6.6066 0.99999
  2.500E+04 2.511E+04 2.149E+00 2.889E-02 3.531E-02 8.879E-03 7.308E-02 2.223E+00 1.224E+04  7.0345 0.99999
  3.000E+04 3.011E+04 2.171E+00 3.597E-02 4.510E-02 1.068E-02 9.174E-02 2.262E+00 1.447E+04  7.3869 0.99999
  3.500E+04 3.511E+04 2.188E+00 4.325E-02 5.528E-02 1.250E-02 1.110E-01 2.299E+00 1.666E+04  7.6867 1.00000
  4.000E+04 4.011E+04 2.203E+00 5.070E-02 6.579E-02 1.431E-02 1.308E-01 2.333E+00 1.882E+04  7.9477 1.00000
  4.500E+04 4.511E+04 2.215E+00 5.830E-02 7.659E-02 1.608E-02 1.510E-01 2.366E+00 2.095E+04  8.1787 1.00000
  5.000E+04 5.011E+04 2.227E+00 6.602E-02 8.762E-02 1.786E-02 1.715E-01 2.398E+00 2.305E+04  8.3860 1.00000
  5.500E+04 5.511E+04 2.237E+00 7.385E-02 9.887E-02 1.966E-02 1.924E-01 2.429E+00 2.512E+04  8.5739 1.00000
  6.000E+04 6.011E+04 2.246E+00 8.187E-02 1.103E-01 2.143E-02 2.136E-01 2.459E+00 2.716E+04  8.7458 1.00000
  7.000E+04 7.011E+04 2.262E+00 9.803E-02 1.337E-01 2.495E-02 2.566E-01 2.518E+00 3.118E+04  9.0510 1.00000
  8.000E+04 8.011E+04 2.276E+00 1.145E-01 1.576E-01 2.849E-02 3.006E-01 2.576E+00 3.511E+04  9.3159 1.00000
  9.000E+04 9.011E+04 2.287E+00 1.312E-01 1.819E-01 3.204E-02 3.452E-01 2.633E+00 3.895E+04  9.5500 1.00000
  1.000E+05 1.001E+05 2.298E+00 1.482E-01 2.067E-01 3.552E-02 3.904E-01 2.688E+00 4.271E+04  9.7595 1.00000
  1.200E+05 1.201E+05 2.316E+00 1.827E-01 2.571E-01 4.260E-02 4.825E-01 2.799E+00 5.000E+04 10.1226 1.00000
  1.400E+05 1.401E+05 2.331E+00 2.179E-01 3.086E-01 4.968E-02 5.763E-01 2.908E+00 5.701E+04 10.4300 1.00000
  1.700E+05 1.701E+05 2.351E+00 2.718E-01 3.874E-01 6.032E-02 7.195E-01 3.070E+00 6.706E+04 10.8174 1.00000
  2.000E+05 2.001E+05 2.366E+00 3.265E-01 4.676E-01 7.104E-02 8.652E-01 3.232E+00 7.658E+04 11.1418 1.00000
  2.500E+05 2.501E+05 2.388E+00 4.195E-01 6.036E-01 8.896E-02 1.112E+00 3.500E+00 9.146E+04 11.5875 1.00000
  3.000E+05 3.001E+05 2.406E+00 5.142E-01 7.418E-01 1.070E-01 1.363E+00 3.769E+00 1.052E+05 11.9518 1.00000
  3.500E+05 3.501E+05 2.421E+00 6.102E-01 8.817E-01 1.253E-01 1.617E+00 4.038E+00 1.181E+05 12.2599 1.00000
  4.000E+05 4.001E+05 2.434E+00 7.073E-01 1.023E+00 1.438E-01 1.874E+00 4.308E+00 1.301E+05 12.5268 1.00000
  4.500E+05 4.501E+05 2.446E+00 8.052E-01 1.165E+00 1.623E-01 2.133E+00 4.578E+00 1.413E+05 12.7623 1.00000
  5.000E+05 5.001E+05 2.456E+00 9.040E-01 1.308E+00 1.810E-01 2.393E+00 4.849E+00 1.519E+05 12.9729 1.00000
  5.500E+05 5.501E+05 2.465E+00 1.003E+00 1.452E+00 1.996E-01 2.655E+00 5.120E+00 1.620E+05 13.1635 1.00000
  6.000E+05 6.001E+05 2.474E+00 1.103E+00 1.596E+00 2.182E-01 2.918E+00 5.392E+00 1.715E+05 13.3374 1.00000
  7.000E+05 7.001E+05 2.489E+00 1.305E+00 1.886E+00 2.560E-01 3.447E+00 5.936E+00 1.892E+05 13.6456 1.00000
  8.000E+05 8.001E+05 2.502E+00 1.508E+00 2.178E+00 2.941E-01 3.981E+00 6.483E+00 2.053E+05 13.9127 1.00000
  9.000E+05 9.001E+05 2.514E+00 1.713E+00 2.472E+00 3.327E-01 4.517E+00 7.031E+00 2.202E+05 14.1482 1.00000
  1.000E+06 1.000E+06 2.524E+00 1.918E+00 2.766E+00 3.716E-01 5.056E+00 7.580E+00 2.339E+05 14.3589 1.00000
  1.200E+06 1.200E+06 2.543E+00 2.333E+00 3.357E+00 4.504E-01 6.141E+00 8.683E+00 2.586E+05 14.7235 1.00000
  1.400E+06 1.400E+06 2.558E+00 2.750E+00 3.952E+00 5.304E-01 7.232E+00 9.790E+00 2.803E+05 15.0317 1.00000
  1.700E+06 1.700E+06 2.578E+00 3.381E+00 4.846E+00 6.523E-01 8.879E+00 1.146E+01 3.087E+05 15.4200 1.00000
  2.000E+06 2.000E+06 2.594E+00 4.015E+00 5.745E+00 7.764E-01 1.054E+01 1.313E+01 3.332E+05 15.7450 1.00000
  2.500E+06 2.500E+06 2.617E+00 5.080E+00 7.247E+00 9.871E-01 1.331E+01 1.593E+01 3.680E+05 16.1913 1.00000
  3.000E+06 3.000E+06 2.636E+00 6.151E+00 8.754E+00 1.202E+00 1.611E+01 1.874E+01 3.970E+05 16.5559 1.00000
  3.500E+06 3.500E+06 2.652E+00 7.226E+00 1.026E+01 1.421E+00 1.891E+01 2.156E+01 4.219E+05 16.8642 1.00000
  4.000E+06 4.000E+06 2.666E+00 8.305E+00 1.178E+01 1.642E+00 2.172E+01 2.439E+01 4.438E+05 17.1313 1.00000
  4.500E+06 4.500E+06 2.678E+00 9.388E+00 1.329E+01 1.867E+00 2.455E+01 2.722E+01 4.632E+05 17.3668 1.00000
  5.000E+06 5.000E+06 2.689E+00 1.047E+01 1.481E+01 2.095E+00 2.737E+01 3.006E+01 4.807E+05 17.5775 1.00000
  5.500E+06 5.500E+06 2.700E+00 1.156E+01 1.633E+01 2.324E+00 3.021E+01 3.291E+01 4.966E+05 17.7681 1.00000
  6.000E+06 6.000E+06 2.709E+00 1.265E+01 1.784E+01 2.556E+00 3.305E+01 3.576E+01 5.112E+05 17.9422 1.00000
  7.000E+06 7.000E+06 2.725E+00 1.483E+01 2.089E+01 3.027E+00 3.874E+01 4.147E+01 5.372E+05 18.2505 1.00000
  8.000E+06 8.000E+06 2.740E+00 1.701E+01 2.393E+01 3.504E+00 4.445E+01 4.719E+01 5.599E+05 18.5175 1.00000
  9.000E+06 9.000E+06 2.752E+00 1.920E+01 2.697E+01 3.988E+00 5.017E+01 5.292E+01 5.799E+05 18.7531 1.00000
  1.000E+07 1.000E+07 2.764E+00 2.140E+01 3.002E+01 4.478E+00 5.589E+01 5.866E+01 5.979E+05 18.9638 1.00000
  1.200E+07 1.200E+07 2.784E+00 2.579E+01 3.612E+01 5.474E+00 6.738E+01 7.016E+01 6.292E+05 19.3284 1.00000
  1.400E+07 1.400E+07 2.801E+00 3.019E+01 4.222E+01 6.488E+00 7.890E+01 8.170E+01 6.557E+05 19.6367 1.00000
  1.700E+07 1.700E+07 2.823E+00 3.679E+01 5.138E+01 8.039E+00 9.622E+01 9.904E+01 6.892E+05 20.0251 1.00000
  2.000E+07 2.000E+07 2.841E+00 4.341E+01 6.055E+01 9.622E+00 1.136E+02 1.164E+02 7.172E+05 20.3501 1.00000
  2.500E+07 2.500E+07 2.866E+00 5.445E+01 7.583E+01 1.232E+01 1.426E+02 1.455E+02 7.559E+05 20.7964 1.00000
  3.000E+07 3.000E+07 2.887E+00 6.551E+01 9.112E+01 1.508E+01 1.717E+02 1.746E+02 7.874E+05 21.1610 1.00000
  3.500E+07 3.500E+07 2.905E+00 7.657E+01 1.064E+02 1.789E+01 2.009E+02 2.038E+02 8.140E+05 21.4693 1.00000
  4.000E+07 4.000E+07 2.920E+00 8.764E+01 1.217E+02 2.075E+01 2.301E+02 2.330E+02 8.370E+05 21.7364 1.00000
  4.500E+07 4.500E+07 2.934E+00 9.872E+01 1.370E+02 2.364E+01 2.594E+02 2.623E+02 8.573E+05 21.9719 1.00000
  5.000E+07 5.000E+07 2.946E+00 1.098E+02 1.523E+02 2.658E+01 2.887E+02 2.916E+02 8.754E+05 22.1827 1.00000
  5.500E+07 5.500E+07 2.958E+00 1.209E+02 1.676E+02 2.955E+01 3.180E+02 3.210E+02 8.917E+05 22.3733 1.00000
  6.000E+07 6.000E+07 2.968E+00 1.320E+02 1.829E+02 3.256E+01 3.474E+02 3.504E+02 9.066E+05 22.5473 1.00000
  7.000E+07 7.000E+07 2.986E+00 1.541E+02 2.135E+02 3.865E+01 4.063E+02 4.093E+02 9.331E+05 22.8556 1.00000
  8.000E+07 8.000E+07 3.002E+00 1.763E+02 2.442E+02 4.484E+01 4.653E+02 4.683E+02 9.560E+05 23.1227 1.00000
  9.000E+07 9.000E+07 3.017E+00 1.985E+02 2.748E+02 5.113E+01 5.244E+02 5.274E+02 9.762E+05 23.3582 1.00000
  1.000E+08 1.000E+08 3.029E+00 2.207E+02 3.054E+02 5.750E+01 5.836E+02 5.866E+02 9.942E+05 23.5690 1.00000
  1.200E+08 1.200E+08 3.052E+00 2.651E+02 3.666E+02 7.046E+01 7.022E+02 7.052E+02 1.025E+06 23.9336 1.00000
  1.400E+08 1.400E+08 3.071E+00 3.095E+02 4.279E+02 8.367E+01 8.211E+02 8.241E+02 1.052E+06 24.2419 1.00000
  1.700E+08 1.700E+08 3.095E+00 3.761E+02 5.198E+02 1.039E+02 9.998E+02 1.003E+03 1.085E+06 24.6302 1.00000
  2.000E+08 2.000E+08 3.115E+00 4.428E+02 6.116E+02 1.246E+02 1.179E+03 1.182E+03 1.113E+06 24.9552 1.00000
  2.500E+08 2.500E+08 3.143E+00 5.538E+02 7.648E+02 1.599E+02 1.478E+03 1.482E+03 1.151E+06 25.4015 1.00000
  3.000E+08 3.000E+08 3.166E+00 6.649E+02 9.179E+02 1.960E+02 1.779E+03 1.782E+03 1.181E+06 25.7662 1.00000
  3.500E+08 3.500E+08 3.186E+00 7.760E+02 1.071E+03 2.329E+02 2.080E+03 2.083E+03 1.207E+06 26.0745 1.00000
  4.000E+08 4.000E+08 3.204E+00 8.871E+02 1.224E+03 2.704E+02 2.382E+03 2.385E+03 1.230E+06 26.3415 1.00000
  4.500E+08 4.500E+08 3.219E+00 9.982E+02 1.377E+03 3.085E+02 2.684E+03 2.687E+03 1.250E+06 26.5771 1.00000
  5.000E+08 5.000E+08 3.233E+00 1.109E+03 1.530E+03 3.471E+02 2.987E+03 2.990E+03 1.267E+06 26.7878 1.00000
  5.500E+08 5.500E+08 3.245E+00 1.220E+03 1.684E+03 3.862E+02 3.290E+03 3.294E+03 1.283E+06 26.9784 1.00000
  6.000E+08 6.000E+08 3.257E+00 1.332E+03 1.837E+03 4.258E+02 3.594E+03 3.597E+03 1.298E+06 27.1525 1.00000
  7.000E+08 7.000E+08 3.277E+00 1.554E+03 2.143E+03 5.060E+02 4.203E+03 4.206E+03 1.324E+06 27.4607 1.00000
  8.000E+08 8.000E+08 3.295E+00 1.776E+03 2.449E+03 5.877E+02 4.813E+03 4.816E+03 1.346E+06 27.7278 1.00000
  9.000E+08 9.000E+08 3.311E+00 1.998E+03 2.756E+03 6.707E+02 5.425E+03 5.428E+03 1.366E+06 27.9633 1.00000
  1.000E+09 1.000E+09 3.325E+00 2.221E+03 3.062E+03 7.548E+02 6.037E+03 6.041E+03 1.383E+06 28.1740 1.00000
  1.200E+09 1.200E+09 3.350E+00 2.665E+03 3.674E+03 9.261E+02 7.266E+03 7.269E+03 1.413E+06 28.5386 1.00000
  1.400E+09 1.400E+09 3.371E+00 3.110E+03 4.287E+03 1.101E+03 8.498E+03 8.501E+03 1.439E+06 28.8466 1.00000
  1.700E+09 1.700E+09 3.398E+00 3.776E+03 5.206E+03 1.369E+03 1.035E+04 1.035E+04 1.471E+06 29.2349 1.00000
  2.000E+09 2.000E+09 3.421E+00 4.443E+03 6.124E+03 1.644E+03 1.221E+04 1.221E+04 1.498E+06 29.5584 1.00000
  2.500E+09 2.500E+09 3.453E+00 5.555E+03 7.655E+03 2.112E+03 1.532E+04 1.533E+04 1.535E+06 30.0047 1.00000
  3.000E+09 3.000E+09 3.479E+00 6.666E+03 9.186E+03 2.593E+03 1.844E+04 1.845E+04 1.564E+06 30.3628 1.00000
  3.500E+09 3.500E+09 3.501E+00 7.777E+03 1.072E+04 3.084E+03 2.158E+04 2.158E+04 1.590E+06 30.6711 1.00000
  4.000E+09 4.000E+09 3.521E+00 8.889E+03 1.225E+04 3.584E+03 2.472E+04 2.472E+04 1.611E+06 30.9382 1.00000
  4.500E+09 4.500E+09 3.540E+00 1.000E+04 1.378E+04 4.092E+03 2.787E+04 2.787E+04 1.630E+06 31.1446 1.00000
  5.000E+09 5.000E+09 3.556E+00 1.111E+04 1.531E+04 4.607E+03 3.103E+04 3.103E+04 1.647E+06 31.3553 1.00000
  5.500E+09 5.500E+09 3.570E+00 1.222E+04 1.684E+04 5.130E+03 3.419E+04 3.420E+04 1.663E+06 31.5459 1.00000
  6.000E+09 6.000E+09 3.582E+00 1.333E+04 1.837E+04 5.658E+03 3.736E+04 3.737E+04 1.677E+06 31.7200 1.00000
  7.000E+09 7.000E+09 3.605E+00 1.556E+04 2.143E+04 6.731E+03 4.372E+04 4.372E+04 1.702E+06 32.0283 1.00000
  8.000E+09 8.000E+09 3.637E+00 1.778E+04 2.449E+04 7.825E+03 5.010E+04 5.010E+04 1.723E+06 32.1399 1.00000
  9.000E+09 9.000E+09 3.654E+00 2.000E+04 2.755E+04 8.937E+03 5.649E+04 5.650E+04 1.742E+06 32.3754 1.00000
  1.000E+10 1.000E+10 3.670E+00 2.222E+04 3.062E+04 1.007E+04 6.291E+04 6.291E+04 1.759E+06 32.5861 1.00000
  1.200E+10 1.200E+10 3.698E+00 2.667E+04 3.674E+04 1.236E+04 7.577E+04 7.578E+04 1.788E+06 32.9508 1.00000
  1.400E+10 1.400E+10 3.722E+00 3.112E+04 4.286E+04 1.472E+04 8.869E+04 8.869E+04 1.812E+06 33.2591 1.00000
  1.700E+10 1.700E+10 3.752E+00 3.778E+04 5.204E+04 1.833E+04 1.081E+05 1.082E+05 1.843E+06 33.6474 1.00000
  2.000E+10 2.000E+10 3.778E+00 4.445E+04 6.122E+04 2.202E+04 1.277E+05 1.277E+05 1.869E+06 33.9724 1.00000
  2.500E+10 2.500E+10 3.813E+00 5.556E+04 7.652E+04 2.834E+04 1.604E+05 1.604E+05 1.904E+06 34.4187 1.00000
  3.000E+10 3.000E+10 3.842E+00 6.668E+04 9.182E+04 3.484E+04 1.933E+05 1.933E+05 1.932E+06 34.7834 1.00000
  3.500E+10 3.500E+10 3.867E+00 7.779E+04 1.071E+05 4.148E+04 2.264E+05 2.264E+05 1.956E+06 35.0917 1.00000
  4.000E+10 4.000E+10 3.888E+00 8.891E+04 1.224E+05 4.825E+04 2.596E+05 2.596E+05 1.977E+06 35.3587 1.00000
  4.500E+10 4.500E+10 3.908E+00 1.000E+05 1.377E+05 5.514E+04 2.929E+05 2.929E+05 1.995E+06 35.5943 1.00000
  5.000E+10 5.000E+10 3.925E+00 1.111E+05 1.530E+05 6.213E+04 3.263E+05 3.263E+05 2.011E+06 35.8050 1.00000
  5.500E+10 5.500E+10 3.940E+00 1.222E+05 1.683E+05 6.922E+04 3.598E+05 3.598E+05 2.026E+06 35.9956 1.00000
  6.000E+10 6.000E+10 3.955E+00 1.334E+05 1.836E+05 7.640E+04 3.934E+05 3.934E+05 2.039E+06 36.1697 1.00000
  7.000E+10 7.000E+10 3.980E+00 1.556E+05 2.142E+05 9.100E+04 4.608E+05 4.608E+05 2.063E+06 36.4780 1.00000
  8.000E+10 8.000E+10 4.003E+00 1.778E+05 2.448E+05 1.059E+05 5.285E+05 5.285E+05 2.083E+06 36.7450 1.00000
  9.000E+10 9.000E+10 4.023E+00 2.000E+05 2.754E+05 1.210E+05 5.964E+05 5.964E+05 2.101E+06 36.9806 1.00000
  1.000E+11 1.000E+11 4.041E+00 2.223E+05 3.059E+05 1.364E+05 6.646E+05 6.646E+05 2.117E+06 37.1913 1.00000
  1.200E+11 1.200E+11 4.072E+00 2.667E+05 3.671E+05 1.678E+05 8.017E+05 8.017E+05 2.144E+06 37.5560 1.00000
  1.400E+11 1.400E+11 4.098E+00 3.112E+05 4.283E+05 2.000E+05 9.394E+05 9.394E+05 2.167E+06 37.8643 1.00000
  1.700E+11 1.700E+11 4.132E+00 3.779E+05 5.200E+05 2.494E+05 1.147E+06 1.147E+06 2.196E+06 38.2526 1.00000
  2.000E+11 2.000E+11 4.160E+00 4.445E+05 6.117E+05 3.001E+05 1.356E+06 1.356E+06 2.221E+06 38.5776 1.00000
  2.500E+11 2.500E+11 4.200E+00 5.557E+05 7.646E+05 3.869E+05 1.707E+06 1.707E+06 2.254E+06 39.0239 1.00000
  3.000E+11 3.000E+11 4.232E+00 6.668E+05 9.175E+05 4.762E+05 2.060E+06 2.060E+06 2.280E+06 39.3885 1.00000
  3.500E+11 3.500E+11 4.260E+00 7.779E+05 1.070E+06 5.677E+05 2.416E+06 2.416E+06 2.303E+06 39.6968 1.00000
  4.000E+11 4.000E+11 4.284E+00 8.891E+05 1.223E+06 6.611E+05 2.773E+06 2.773E+06 2.322E+06 39.9639 1.00000
  4.500E+11 4.500E+11 4.305E+00 1.000E+06 1.376E+06 7.562E+05 3.132E+06 3.132E+06 2.339E+06 40.1995 1.00000
  5.000E+11 5.000E+11 4.325E+00 1.111E+06 1.529E+06 8.529E+05 3.493E+06 3.493E+06 2.354E+06 40.4102 1.00000
  5.500E+11 5.500E+11 4.342E+00 1.222E+06 1.682E+06 9.510E+05 3.855E+06 3.855E+06 2.368E+06 40.6008 1.00000
  6.000E+11 6.000E+11 4.358E+00 1.334E+06 1.834E+06 1.050E+06 4.218E+06 4.218E+06 2.380E+06 40.7748 1.00000
  7.000E+11 7.000E+11 4.387E+00 1.556E+06 2.140E+06 1.253E+06 4.948E+06 4.948E+06 2.402E+06 41.0831 1.00000
  8.000E+11 8.000E+11 4.412E+00 1.778E+06 2.446E+06 1.459E+06 5.683E+06 5.683E+06 2.421E+06 41.3502 1.00000
  9.000E+11 9.000E+11 4.434E+00 2.000E+06 2.751E+06 1.670E+06 6.421E+06 6.421E+06 2.438E+06 41.5858 1.00000
  1.000E+12 1.000E+12 4.454E+00 2.223E+06 3.057E+06 1.884E+06 7.163E+06 7.163E+06 2.453E+06 41.7965 1.00000
